Archaeocidaris	1	0	1	0	0	0	0	0	0	0	0	0	0	0	0	1	0	0	0	0	0	0	0	0	0	0	1	1	0	0	0	0	?	?	?	?	?	?	?	?	?	?	1	0	1	0	0	5	0	6	0	?	1	1	?	?	0	0	0	0	0	?	?	?	?	0	0	0	0	1	0	0	0	0	0	1	0	0	1	1	0	0	0	0	0	0	0	0	0	0	0	0	0	0	?	0	0	0	0	0	0	0	0	0	0	0	0	0	0	0	1	0	0	0	0	0	0	0	0	0	0	0	0	0	2	0	?	?	0	0	0	0	0	0	1	1	1	1	0	0	0	2	0	3	0	0	1	0	0	0	0	0	3	0	0	0	0	0	0	0	0	0	0	0	0	0	1	1	0	?	0	0	0	0	0	0	1	1	0	0	0	1	0	0	0	1	2	0	0	1	0	0	0	?	0	1	0	0	0	0	0	0	0	0	0	0	0	0	0	0	0	0	0	0	0	0	?	0	0	0	0	0	0	0	?	?	?	?	?	?	?	?	?	?	?	?	?	?	?	?	?	?	?	?	?	?	?	?	?	?	?	?	?
Tiarechinus	1	0	0	0	0	0	0	0	0	0	0	2	1	0	0	0	0	0	0	0	0	0	0	0	0	0	0	0	?	?	0	0	0	0	2	0	1	2	0	0	0	1	0	0	5	1	?	0	?	0	0	0	0	0	1	?	?	?	0	0	0	0	0	1	0	0	1	1	0	0	0	0	0	0	0	0	0	0	0	0	0	0	?	0	0	0	0	0	0	0	0	0	0	0	0	0	0	2	0	0	0	0	0	0	0	0	0	0	0	1	0	?	?	0	0	0	?	0	1	2	0	1	1	0	0	0	0	0	0	0	0	3	1	0	0	0	0	0	0	0	3	0	0	0	0	0	0	0	0	0	0	0	0	0	?	?	?	?	?	?	?	?	?	?	?	?	?	?	?	?	?	?	?	?	?	?	?	?	?	?	?	?	?	?	?	?	?	?	?	?	?	?	?	?	?	?	0	0	0	0	?	?	?	?	?	?	0	0	0	0	0	0	0	?	0	0	0	0	0	0	0	?	?	?	?	?	?	?	?	?	?	?	?	?	?	?	?	?	?	?	?	?	?	?	?	?	?	?	?	?	?	?	?
Triadotiaris	1	0	0	0	0	0	0	0	0	0	0	0	0	1	0	0	0	0	0	0	0	0	0	0	0	0	0	0	?	?	0	0	0	2	0	0	1	2	0	1	0	1	1	0	5	1	5	0	?	?	1	0	0	0	1	0	0	0	0	0	?	0	1	0	?	0	2	0	0	5	3	2	?	0	1	2	0	1	1	0	0	0	0	0	0	0	0	0	0	0	0	0	0	?	0	0	0	0	0	0	0	0	0	0	0	0	0	0	1	1	0	0	0	0	0	0	0	0	0	0	0	0	2	0	?	?	0	0	0	0	0	0	1	1	1	1	1	0	0	2	2	3	0	0	0	0	0	0	0	0	3	0	0	0	0	0	0	0	0	0	0	0	0	0	1	?	0	?	2	2	0	0	0	0	0	1	1	0	0	0	1	0	0	0	1	2	0	0	1	1	1	1	0	0	0	0	0	0	?	0	0	0	0	0	0	0	0	?	?	?	?	?	?	0	0	0	0	0	0	0	?	0	0	0	0	0	0	0	?	?	?	?	?	?	?	?	?	?	?	?	?	?	?	?	?	?	?	?	?	?	?	?	?	?	?	?
Serpianotiaris	1	0	0	0	0	0	0	0	0	0	0	2	0	1	0	0	0	0	0	0	0	0	0	0	0	0	0	0	?	?	0	0	0	0	3	0	1	2	0	1	0	1	1	0	5	1	5	0	?	0	0	0	0	0	0	0	0	0	0	0	0	1	0	0	1	5	3	2	?	0	1	1	1	0	0	0	0	0	0	0	0	0	0	0	0	0	2	?	0	0	0	0	0	1	0	0	0	0	0	0	0	0	1	1	0	0	0	0	0	0	0	0	0	0	0	0	0	2	0	?	?	0	0	0	0	0	0	1	1	1	1	1	0	0	0	0	0	0	0	0	0	0	0	0	0	2	?	0	0	0	0	0	0	0	0	0	0	0	1	?	0	?	2	0	0	0	0	0	0	?	1	1	0	0	?	1	0	0	0	?	0	?	0	0	1	1	1	1	0	0	0	0	0	0	?	0	0	0	0	0	0	0	0	?	?	?	?	?	?	0	0	0	0	0	0	0	?	0	0	0	0	0	0	0	?	?	?	?	?	?	?	?	?	?	?	?	?	?	?	?	?	?	?	?	?	?	?	?	?	?	?	?	?	?	?	?	?	?	?	?
Polycidaris	1	0	0	0	0	0	0	0	0	0	0	1	1	0	0	0	0	0	0	0	0	0	0	0	0	0	0	0	?	?	0	0	0	0	0	0	1	2	0	1	0	1	1	0	5	1	5	0	?	0	0	0	0	0	1	0	1	0	0	0	0	0	0	0	0	0	2	0	0	0	0	3	0	?	0	1	1	0	0	0	0	0	0	0	0	0	0	0	0	0	0	?	0	0	0	0	0	1	0	0	0	0	0	0	0	0	1	1	0	0	0	0	0	0	0	0	0	0	0	0	2	0	?	?	0	0	0	0	0	0	1	1	0	0	1	0	0	0	2	2	3	0	0	0	0	0	0	0	0	3	0	0	0	0	0	0	0	0	0	0	0	0	0	?	?	?	?	2	?	0	0	0	0	0	1	1	0	0	?	?	0	?	?	0	0	0	0	0	1	?	?	1	0	1	0	1	0	?	?	?	0	0	0	0	0	0	0	0	?	?	?	?	?	?	0	0	0	0	0	0	0	?	0	0	0	0	0	0	0	?	?	?	?	?	?	?	?	?	?	?	?	?	?	?	?	?	?	?	?	?	?	?	?	?	?	?	?
Diplocidaris	1	0	0	0	0	0	0	0	0	0	0	2	1	0	0	0	0	0	0	0	0	0	0	0	0	0	0	0	?	?	0	0	0	0	2	0	1	2	0	0	0	1	0	0	5	1	5	0	0	1	0	0	0	0	1	?	?	?	0	0	0	2	0	0	0	0	2	0	?	0	2	0	0	1	1	0	1	1	0	0	0	0	0	0	0	0	0	0	0	0	0	0	?	0	0	0	0	0	1	0	0	0	0	0	0	0	0	1	1	0	0	0	0	0	0	0	0	0	0	0	0	2	0	?	?	0	0	0	0	0	0	1	1	1	1	0	0	0	2	2	3	0	0	0	0	0	0	0	0	3	0	0	0	0	0	0	0	0	0	0	0	0	0	?	?	?	?	2	1	0	0	0	0	0	1	1	0	0	0	?	0	?	?	?	?	?	0	0	1	?	1	?	0	1	0	1	0	?	?	?	0	0	0	0	0	0	0	0	?	?	?	?	?	?	0	0	0	0	0	0	0	?	0	0	0	0	0	0	0	?	?	?	?	?	?	?	?	?	?	?	?	?	?	?	?	?	?	?	?	?	?	?	?	?	?	?	?	?
Rhabdocidaris	1	0	0	0	0	0	0	0	0	0	0	2	1	0	0	0	0	0	0	0	0	0	0	0	1	0	0	0	0	3	0	1	2	0	1	0	1	1	0	5	1	5	0	?	0	0	0	0	0	1	0	0	0	0	0	0	0	0	0	0	0	4	0	0	0	0	2	0	?	0	1	0	0	0	0	0	1	1	0	0	0	0	0	0	0	0	0	0	0	0	0	0	?	0	0	0	0	0	1	0	0	0	0	0	0	0	0	1	1	0	0	0	0	0	0	0	0	0	0	0	0	2	0	?	?	0	0	0	0	0	0	1	1	1	1	0	0	0	2	2	3	0	0	0	0	0	0	0	0	3	0	0	0	0	0	0	0	0	0	0	0	0	0	?	?	?	?	2	1	0	0	0	0	0	1	1	?	?	?	?	?	?	?	?	?	?	?	?	1	?	1	1	0	1	0	2	0	0	0	?	0	0	0	0	0	0	0	0	0	0	0	0	0	0	0	0	?	0	0	0	0	0	0	0	?	?	?	?	?	?	?	?	?	?	?	?	?	?	?	?	?	?	?	?	?	?	?	?	?	?	?	?	?
Histocidaris	1	0	0	0	0	0	0	0	0	0	0	2	1	0	0	0	0	0	0	0	0	0	0	0	1	0	0	0	0	3	0	1	2	0	1	0	1	1	0	5	1	5	0	1	0	0	0	0	0	0	0	0	0	0	0	0	0	0	1	0	0	1	1	0	0	0	0	0	0	0	0	0	0	0	0	0	0	5	0	0	0	0	0	1	0	0	0	0	0	0	0	0	1	1	0	0	0	0	0	0	0	0	0	0	0	0	2	0	?	?	0	0	0	0	0	0	1	1	1	1	1	0	0	2	2	3	0	0	0	0	0	0	0	0	3	0	0	0	0	0	0	0	0	0	0	0	0	0	1	1	0	1	2	1	0	0	0	0	0	1	1	0	0	0	1	0	0	0	?	0	?	0	0	1	1	1	1	0	1	0	2	0	1	0	0	0	0	0	0	0	0	0	0	0	0	0	0	0	0	0	0	?	0	0	0	0	0	0	0	?	?	?	?	?	?	?	?	?	?	?	?	?	?	?	?	?	?	?	?	?	?	?	?	?	?	?	?	?	?	?	?	?	?	?	?	?	?	?	?
Poriocidaris	1	0	0	0	0	0	0	0	0	0	0	2	1	0	0	0	0	0	0	0	0	0	0	0	0	0	0	0	?	?	0	0	0	0	3	0	1	2	0	1	0	1	1	0	5	1	5	1	1	0	0	0	0	0	0	0	0	0	0	0	0	0	0	1	0	0	1	1	0	0	0	0	0	0	0	0	0	0	0	0	0	0	5	0	0	0	0	0	1	0	0	0	0	0	0	0	0	1	1	0	0	0	0	0	0	0	0	0	0	0	0	2	0	?	?	0	0	0	0	0	0	1	1	1	1	1	0	0	2	2	3	0	0	0	0	0	0	0	0	3	0	0	0	0	0	0	0	0	0	0	0	0	0	1	1	0	1	2	?	0	0	0	0	0	1	1	0	0	0	1	0	0	0	?	0	?	0	0	1	1	1	1	0	1	1	0	0	1	0	0	0	0	0	0	0	0	0	0	0	0	0	0	0	0	0	0	?	0	0	0	0	0	0	0	?	?	?	?	?	?	?	?	?	?	?	?	?	?	?	?	?	?	?	?	?	?	?	?	?	?	?	?	?	?	?	?	?	?	?
Paurocidaris	1	0	0	0	0	0	0	0	0	0	0	2	1	0	0	0	0	0	?	0	0	0	0	0	0	0	0	0	?	?	0	0	0	0	?	?	?	?	?	?	0	?	?	?	1	0	?	?	?	?	?	?	?	?	?	0	?	?	?	?	?	?	?	?	0	?	?	?	?	?	?	?	0	?	0	0	0	1	0	0	1	1	0	0	0	0	0	0	0	0	0	0	0	0	0	0	?	0	0	0	0	0	1	0	0	0	0	0	0	0	0	1	1	0	0	0	0	0	0	0	0	0	0	0	0	1	0	?	?	0	0	0	0	0	0	1	1	1	1	0	0	0	2	2	3	0	1	0	0	0	0	0	0	3	0	0	0	0	0	0	0	0	0	0	0	0	0	?	?	?	?	0	0	0	0	0	0	1	1	?	?	?	?	?	?	?	?	?	?	?	?	1	?	?	?	?	?	?	?	?	?	?	?	?	?	?	?	0	?	?	0	?	?	?	?	?	?	0	0	0	0	0	0	0	?	0	0	0	0	0	0	0	?	?	?	?	?	?	?	?	?	?	?	?	?	?	?	?	?	?	?	?	?	?	?	?	?	?
Anisocidaridae	1	0	0	0	0	0	0	0	0	0	0	2	1	0	0	0	0	0	?	0	0	0	0	0	0	0	0	0	?	?	0	0	0	0	?	?	?	?	?	?	0	?	?	?	1	0	?	?	?	?	?	?	?	?	?	0	?	?	?	?	?	?	?	?	0	?	?	?	?	?	?	?	0	?	0	0	0	1	0	0	2	0	0	0	0	0	1	1	0	0	0	0	0	0	0	0	0	0	0	0	0	0	?	0	0	0	0	0	0	0	0	0	0	0	0	0	0	1	1	0	0	0	0	0	0	0	0	0	0	0	0	2	0	?	?	0	0	0	0	0	0	1	1	1	1	0	0	0	2	2	3	0	0	0	0	0	0	0	0	3	0	0	0	0	0	0	0	0	0	0	0	0	0	?	?	?	?	?	?	?	?	?	?	?	?	1	1	?	?	?	?	?	?	?	?	?	?	?	?	1	?	?	?	?	?	?	?	?	?	?	?	?	?	?	?	0	?	?	0	?	?	?	?	?	?	0	0	0	0	0	0	0	?	0	0	0	0	0	0	0	?	?	?	?	?	?	?	?	?	?	?	?	?	?	?	?	?	?	?
Stylocidaris	1	0	0	0	0	0	0	0	0	0	0	2	1	0	0	0	0	0	0	0	0	0	0	0	0	0	0	0	0	3	0	1	2	0	1	0	1	1	0	5	1	5	0	0	0	0	0	0	0	0	0	0	0	0	0	0	0	0	1	0	0	1	0	0	0	0	0	1	1	0	0	0	0	0	0	0	0	0	0	0	0	0	0	5	0	0	0	0	0	1	0	0	0	0	0	0	0	0	1	1	0	0	0	0	0	0	0	0	0	0	0	0	2	0	?	?	0	0	0	0	0	0	1	1	1	1	0	0	1	2	0	3	0	0	0	0	0	0	0	0	3	0	0	0	0	0	0	0	0	0	0	0	0	0	1	1	0	0	2	1	0	0	0	0	0	1	1	0	0	0	1	0	0	0	0	1	1	1	1	0	1	0	2	0	0	1	0	0	0	0	0	0	0	0	0	0	0	0	0	0	0	0	0	?	0	0	0	0	0	0	0	?	?	?	?	?	?	?	?	?	?	?	?	?	?	?	?	?	?	?	?	?	?	?	?	?	?	?	?	?	?	?	?	?	?	?	?	?	?
Cidaris	1	0	0	0	0	0	0	0	0	0	0	2	1	0	0	0	0	0	0	0	0	0	0	0	0	0	0	0	0	3	0	1	2	0	1	0	1	1	0	5	1	5	0	0	0	0	0	0	0	0	0	0	0	0	0	0	0	0	1	0	0	1	1	0	0	0	0	0	0	0	0	0	0	0	0	0	0	5	0	0	0	0	0	1	0	0	0	0	0	0	0	0	1	1	0	0	0	0	0	0	0	0	0	0	0	0	2	0	?	?	0	0	0	0	0	0	1	1	1	1	0	0	1	2	0	3	0	0	0	0	0	0	0	0	3	0	0	0	0	0	0	0	0	0	0	0	0	0	1	1	0	0	2	1	0	0	0	0	0	1	1	0	0	0	1	0	0	0	0	1	1	1	1	0	1	0	2	0	0	1	0	0	0	0	0	0	0	0	0	0	0	0	0	0	0	0	0	?	0	0	0	0	0	0	0	?	?	?	?	?	?	?	?	?	?	?	?	?	?	?	?	?	?	?	?	?	?	?	?	?	?	?	?	?	?	?	?	?	?	?	?	?	?	?	?	?	?	?	?
Ctenocidaris	1	0	0	0	0	0	0	0	0	0	0	2	1	0	0	0	0	0	0	0	0	0	0	0	0	0	0	0	?	?	0	0	0	0	3	0	1	2	0	1	0	1	1	0	5	1	5	0	1	0	0	0	0	0	0	0	0	0	0	0	0	0	0	1	0	0	1	1	0	0	0	0	0	0	0	0	0	0	0	0	0	0	5	0	0	0	0	0	1	0	0	0	0	0	0	0	0	1	1	0	0	0	0	0	0	0	0	0	0	0	0	2	0	?	?	0	0	0	0	0	0	1	1	0	0	1	0	0	1	2	0	3	0	0	0	0	0	0	0	0	3	0	0	0	0	0	0	0	0	0	0	0	0	0	1	1	0	0	2	1	0	0	0	0	0	1	1	0	0	0	1	0	0	0	?	0	?	0	0	1	1	1	1	0	1	0	3	0	0	0	0	0	0	0	0	0	0	0	0	0	0	0	0	0	0	0	0	?	0	0	0	0	0	0	0	?	?	?	?	?	?	?	?	?	?	?	?	?	?	?	?	?	?	?	?	?	?	?	?	?	?	?	?	?	?	?	?	?
Goniocidaris	1	0	0	0	0	0	0	0	0	0	0	2	1	0	0	1	0	2	0	0	0	0	0	0	0	0	0	0	0	0	1	2	0	1	0	1	1	0	5	1	5	0	1	0	0	0	0	0	1	0	1	0	0	0	0	0	0	0	0	0	0	0	1	0	0	1	1	0	0	0	0	0	0	0	0	0	0	0	0	0	0	5	0	0	0	0	0	1	0	0	0	0	0	0	0	0	1	1	0	0	0	0	0	0	0	0	0	0	0	0	2	0	?	?	0	0	0	0	0	0	1	1	1	1	0	0	1	2	0	3	0	0	0	0	0	0	0	0	3	0	0	0	0	0	0	0	0	0	0	0	0	0	1	1	0	0	2	1	0	0	0	0	0	1	1	0	0	0	1	0	0	0	?	0	?	0	0	1	1	1	1	0	1	0	1	0	0	1	0	1	0	0	0	0	0	0	0	0	0	0	0	0	0	0	0	?	0	0	0	0	0	0	0	?	?	?	?	?	?	?	?	?	?	?	?	?	?	?	?	?	?	?	?	?	?	?	?	?	?	?	?	?	?	?	?	?	?	?	?	?
Phyllacanthus	1	0	0	0	0	0	0	0	0	0	0	2	1	0	0	0	0	0	0	0	0	0	0	0	0	0	0	0	?	?	0	0	0	0	3	0	1	2	0	1	0	1	1	0	5	1	5	0	0	0	0	0	0	0	0	0	0	0	0	0	0	0	0	1	0	0	1	0	0	0	0	0	1	1	0	0	0	0	0	0	0	0	0	0	0	0	0	0	5	0	0	0	0	0	1	0	0	0	0	0	0	0	0	1	1	0	0	0	0	0	0	0	0	0	0	0	0	2	0	?	?	0	0	0	0	0	0	1	1	1	1	0	0	1	2	0	3	0	0	0	0	0	0	0	0	3	0	0	0	0	0	0	0	0	0	0	0	0	0	1	1	0	0	2	1	0	0	0	0	0	1	1	0	0	0	1	0	0	0	?	?	?	?	?	1	1	1	1	0	1	0	2	0	0	1	0	0	0	0	0	0	0	0	0	0	0	0	0	0	0	0	0	?	0	0	0	0	0	0	0	?	?	?	?	?	?	?	?	?	?	?	?	?	?	?	?	?	?	?	?	?	?	?	?	?	?	?	?	?
Tylocidaris	1	0	0	0	0	0	0	0	0	0	0	2	1	0	0	0	0	0	0	0	0	0	0	0	0	0	0	0	?	?	0	0	0	0	2	0	1	2	0	1	0	1	1	0	5	1	5	0	0	0	0	0	0	0	0	0	0	0	0	0	0	0	0	1	0	0	1	1	0	0	0	0	0	0	0	0	0	0	0	0	0	0	?	0	0	0	0	0	1	0	0	0	0	0	0	0	0	1	1	0	0	0	0	0	0	0	0	0	0	0	0	2	0	?	?	0	0	0	0	0	0	1	1	1	1	0	1	1	0	0	3	1	1	0	0	0	0	0	0	3	0	0	0	0	0	0	0	0	0	0	0	0	0	1	0	0	0	2	1	0	0	0	0	0	1	1	0	0	0	1	0	0	0	?	0	?	0	0	1	1	1	?	0	1	0	2	0	0	0	0	0	0	0	1	0	0	0	0	0	0	0	0	0	0	0	0	?	0	0	0	0	0	0	0	?	?	?	?	?	?	?	?	?	?	?	?	?	?	?	?	?	?	?	?	?	?	?	?	?	?	?	?	?	?	?	?	?	?	?
Roseicidaris	1	0	0	0	0	0	0	0	0	0	0	2	1	0	0	0	0	0	?	0	0	0	0	0	0	0	0	0	?	?	0	0	0	0	?	?	?	?	?	?	0	?	?	?	1	0	?	?	?	?	?	?	?	?	?	?	?	?	?	?	?	?	?	?	?	?	?	?	?	?	?	?	0	0	0	0	0	1	0	0	1	1	0	0	0	0	0	0	0	0	0	0	0	0	0	0	?	0	0	0	0	0	1	0	0	0	0	0	0	0	0	1	1	0	0	0	0	0	0	0	0	0	0	0	0	1	0	?	?	0	0	0	0	0	0	1	1	1	1	0	1	1	1	0	3	1	1	0	0	0	0	0	0	3	0	0	0	0	0	0	0	0	0	0	0	0	0	?	?	?	?	2	?	0	0	0	0	0	1	1	?	?	?	?	?	?	?	?	?	?	?	?	1	?	?	?	?	?	?	?	?	?	?	?	?	?	?	?	0	?	?	0	?	?	?	?	?	?	0	0	0	0	0	0	0	?	0	0	0	0	0	0	0	?	?	?	?	?	?	?	?	?	?	?	?	?	?	?	?	?	?	?	?	?	?	?	?	?	?
Stereocidaris	1	0	0	0	0	0	0	0	0	0	0	2	1	0	0	1	0	2	0	0	0	0	0	0	0	0	0	0	3	0	1	2	0	1	0	1	1	0	5	1	5	0	0	0	0	0	0	0	0	0	0	0	0	0	0	0	0	1	0	0	1	0	0	0	0	0	1	1	0	0	0	0	0	0	0	0	0	0	0	0	0	0	5	0	0	0	0	0	1	0	0	0	0	0	0	0	0	1	1	0	0	0	0	0	0	0	0	0	0	0	0	2	0	?	?	0	0	0	0	0	0	1	1	1	1	0	1	1	2	0	3	0	0	0	0	0	0	0	0	3	0	0	0	0	0	0	0	0	0	0	0	0	0	1	1	0	0	2	1	0	0	0	0	0	1	1	0	0	0	1	0	0	0	0	1	1	1	1	0	1	0	2	0	0	1	0	1	0	0	0	0	0	0	0	0	0	0	0	0	0	0	0	?	0	0	0	0	0	0	0	?	?	?	?	?	?	?	?	?	?	?	?	?	?	?	?	?	?	?	?	?	?	?	?	?	?	?	?	?	?	?	?	?	?	?	?	?	?	?	?
Typocidaris	1	0	0	0	0	0	0	0	0	0	0	2	1	0	0	0	0	1	?	2	0	0	0	0	0	0	0	0	0	0	?	?	?	?	?	?	0	?	?	?	1	0	?	?	?	?	?	?	?	?	?	?	?	?	?	?	?	?	?	?	?	?	?	?	?	?	?	?	0	?	0	0	0	1	0	0	1	0	0	0	0	0	1	1	0	0	0	0	0	0	0	0	0	0	0	0	0	0	?	0	0	0	0	0	1	0	0	0	0	0	0	0	0	1	1	0	0	0	0	0	0	0	0	0	0	0	0	1	0	?	?	0	0	0	0	0	0	1	1	1	1	0	1	1	2	0	3	0	0	0	0	0	0	0	0	3	0	0	0	0	0	0	0	0	0	0	0	0	0	?	?	?	?	2	?	0	0	0	0	0	1	1	?	?	?	?	?	?	?	?	?	?	?	?	1	?	?	?	?	?	?	?	?	?	?	?	?	?	?	?	0	?	?	0	?	?	?	?	?	?	0	0	0	0	0	0	0	?	0	0	0	0	0	0	0	?	?	?	?	?	?	?	?	?	?	?	?	?	?	?	?	?	?	?	?	?	?	?	?	?
Eotiaris	1	0	0	0	0	0	0	0	0	0	0	2	0	1	0	0	0	0	?	0	0	0	0	0	0	0	0	0	?	?	0	0	0	?	?	?	?	?	?	?	0	?	?	?	1	0	1	?	?	?	?	?	?	?	?	?	?	?	?	?	?	?	?	?	?	?	?	?	?	?	?	?	0	?	?	?	?	?	?	?	?	?	?	?	?	?	?	?	?	?	?	?	?	?	?	?	?	?	?	?	?	?	?	?	?	?	?	?	?	?	?	?	?	?	?	?	?	?	?	?	?	?	?	?	0	?	?	0	?	?	?	?	?	0	0	1	1	0	0	0	0	0	0	0	0	0	0	0	0	2	0	?	?	0	0	0	0	0	0	1	1	0	0	1	1	0	0	0	2	2	?	0	0	0	0	0	0	0	0	0	0	?	0	0	0	?	0	0	0	0	0	0	0	0	0	?	?	?	?	2	0	0	?	?	?	0	1	1	0	0	0	?	0	0	0	?	0	?	0	0	1	1	0	0	0	0	1	0	0	0	?	0	0	0	0	0	0	0	0	?	?	?	?	?	?	0	0	0	0	0	0	0	?	0	0	0	0	0	0	0	?	?	?	?	?
Pelanodiadema	0	?	0	1	0	0	0	0	0	0	0	0	0	0	1	0	0	0	0	0	0	0	0	0	0	0	0	0	0	0	0	?	?	0	0	0	0	0	0	1	2	0	1	0	1	0	0	5	1	5	0	?	?	1	0	0	0	0	0	0	0	1	0	0	0	0	?	?	0	?	0	0	2	2	1	0	1	1	3	2	1	0	0	0	0	0	0	0	0	0	2	2	0	1	1	1	0	0	0	0	0	0	0	0	3	3	0	0	0	0	0	1	0	0	0	0	0	0	0	0	1	1	0	0	0	0	0	0	0	0	0	0	0	0	2	0	?	?	0	0	0	0	0	0	1	1	0	1	0	0	0	0	2	0	2	0	0	0	0	0	0	0	0	2	0	0	0	0	1	1	0	1	0	0	0	?	?	?	?	?	0	0	1	1	0	1	1	1	0	0	0	?	1	1	1	?	0	0	0	0	0	0	?	0	0	?	0	0	0	0	0	?	?	?	?	?	?	?	0	0	0	0	0	0	?	0	0	0	0	0	0	0	?	?	?	?	?	?	?	?	?	?	?	?	?	?	?	?	?	?	?	?	?	?	?	?	?	?
Araeosoma	1	0	1	0	0	0	0	0	0	0	0	0	0	0	0	0	0	1	1	0	0	0	0	0	0	0	1	1	0	0	0	0	0	0	1	2	0	1	0	1	0	0	5	1	5	3	?	1	1	0	0	0	1	0	0	0	0	0	0	0	1	0	0	0	2	0	0	1	2	3	2	1	0	1	1	0	0	0	0	0	0	2	2	1	3	3	0	0	0	0	0	0	0	0	0	0	0	0	0	0	5	0	0	0	0	0	1	0	0	0	0	0	0	0	0	1	1	0	0	0	0	0	0	0	0	0	0	0	0	2	0	?	?	0	0	1	0	0	0	1	0	0	0	0	0	0	0	2	0	2	0	0	0	0	0	0	0	0	2	0	0	0	0	0	0	0	0	0	0	0	0	0	1	0	0	0	1	2	0	2	1	0	0	1	1	0	1	1	1	0	0	0	1	1	1	0	0	0	0	0	0	0	0	2	1	1	0	0	0	0	0	0	1	0	3	0	0	0	0	0	0	0	0	0	0	?	0	0	0	0	0	0	0	?	?	?	?	?	?	?	?	?	?	?	?	?	?	?	?	?	?	?	?	?	?
Hygrosoma	1	0	1	0	0	0	0	0	0	0	0	0	0	0	0	0	0	0	0	0	0	0	0	0	0	0	0	0	0	0	?	?	0	0	0	2	0	0	1	2	0	1	0	1	0	0	5	1	5	3	?	1	1	0	2	0	1	0	0	0	0	0	0	0	1	0	0	0	2	0	0	1	2	3	2	1	0	1	1	0	0	0	0	0	0	2	2	1	1	1	0	0	1	0	0	0	0	0	0	0	0	0	0	0	5	0	0	0	0	0	1	0	0	0	0	0	0	0	0	1	1	0	0	0	0	0	0	0	0	0	0	0	0	2	0	?	?	0	0	0	0	0	0	1	0	1	0	0	0	0	0	2	0	1	0	0	0	0	0	0	0	0	2	0	0	0	0	0	0	0	0	0	0	0	0	0	1	0	0	0	?	?	0	?	?	0	0	1	1	0	1	?	1	0	0	0	?	1	1	0	0	0	0	0	0	0	0	2	1	1	0	0	0	0	0	0	1	0	3	0	0	1	0	0	0	0	0	0	0	?	0	0	0	0	0	0	0	?	?	?	?	?	?	?	?	?	?	?	?	?	?	?	?	?	?
Kamptosoma	1	0	1	0	0	0	0	0	0	0	0	0	0	0	0	0	0	0	0	0	0	0	0	0	0	0	0	0	0	0	?	?	0	0	0	2	0	0	1	2	0	1	0	1	0	0	5	1	?	0	?	1	0	0	0	0	1	1	0	0	0	0	0	0	1	0	0	0	2	0	0	1	2	3	2	1	0	1	1	0	1	0	0	0	0	3	0	0	0	0	1	0	0	0	0	1	0	0	0	0	0	0	0	0	0	0	0	5	0	0	0	0	0	1	0	0	0	0	0	0	0	0	1	1	0	0	0	0	0	0	0	0	0	0	0	0	2	0	?	?	0	0	?	0	0	0	1	1	0	0	0	0	0	0	2	2	3	0	0	0	0	0	0	0	0	1	0	0	0	0	0	0	0	0	0	0	0	0	0	2	0	0	0	0	0	2	?	0	0	1	1	0	1	?	1	0	0	0	?	1	1	0	0	0	0	0	0	0	0	2	1	0	3	0	0	0	0	0	0	0	0	0	0	?	0	0	0	0	0	0	0	?	?	?	?	?	?	?	?	?	?	?	?	?	?	?	?	?	?	?	?	?	?	?
Paraphormosoma	1	0	1	0	0	0	0	0	0	0	0	0	0	0	0	0	0	0	0	0	0	0	0	0	0	0	0	0	0	0	?	?	0	0	0	2	0	0	1	2	0	1	0	1	0	0	5	1	5	0	?	1	0	0	0	0	1	0	0	0	0	0	0	0	1	0	0	0	2	0	0	1	4	3	2	1	0	0	1	0	1	0	0	0	0	2	2	0	1	1	0	0	0	0	0	0	0	0	0	0	0	0	0	0	5	0	0	0	0	0	1	0	0	0	0	0	0	0	0	1	1	0	0	0	0	0	0	0	0	0	0	0	0	2	0	?	?	0	0	0	0	0	0	1	0	1	0	0	0	0	0	2	0	1	0	0	0	0	0	0	0	0	2	0	0	0	0	0	0	0	0	0	0	0	0	0	1	0	0	0	1	2	0	2	1	0	0	1	1	0	1	?	1	0	0	0	?	1	1	0	0	0	0	0	0	0	0	2	1	0	0	0	0	0	1	0	3	0	0	0	0	0	0	0	0	0	0	?	0	0	0	0	0	0	0	?	?	?	?	?	?	?	?	?	?	?	?	?	?	?	?	?	?	?	?
Phormosoma	1	0	1	0	0	0	0	0	0	0	0	0	0	0	0	0	0	0	0	0	0	0	0	0	0	0	1	1	0	0	0	2	0	0	1	2	0	1	0	1	0	0	0	1	5	3	0	1	0	2	0	0	0	0	0	0	0	0	0	0	0	0	1	0	0	0	2	0	0	1	1	3	2	1	0	1	1	0	0	0	0	0	0	2	0	1	1	1	0	0	0	0	0	0	0	0	0	0	0	0	0	0	5	0	0	0	0	0	1	0	0	0	0	0	0	0	0	1	1	0	0	0	0	0	0	0	0	0	0	0	0	2	0	?	?	0	0	?	0	0	0	1	0	1	0	0	0	0	0	2	0	1	0	0	0	0	0	0	0	0	2	0	0	0	0	0	0	0	0	0	0	0	0	0	1	0	0	0	2	2	0	2	1	0	0	0	1	1	0	1	1	1	0	0	0	1	1	1	0	0	0	0	0	0	0	0	2	1	0	0	0	0	0	1	0	3	0	0	1	0	0	0	0	0	0	0	?	0	0	0	0	0	0	0	?	?	?	?	?	?	?	?	?	?	?	?	?	?	?	?	?	?	?
Sperosoma	1	0	1	0	0	0	0	0	0	0	0	0	0	0	0	0	0	0	0	0	0	0	0	0	0	0	0	0	0	0	?	?	0	0	0	2	0	0	1	2	0	1	0	1	0	0	5	1	5	3	?	1	1	0	2	0	1	1	0	0	0	0	0	0	1	0	0	0	2	0	0	1	4	3	2	1	0	0	1	0	0	0	0	0	0	2	2	1	0	0	0	0	1	0	0	0	0	0	0	0	0	0	0	0	5	0	0	0	0	0	1	0	0	0	0	0	0	0	0	1	1	0	0	0	0	0	0	0	0	0	0	0	0	2	0	?	?	0	0	0	0	0	0	1	0	0	0	0	0	0	0	2	0	1	0	0	0	0	0	0	0	0	2	0	0	0	0	0	0	0	0	0	0	0	0	0	1	0	0	0	?	?	0	?	?	0	0	1	1	0	1	?	1	0	0	0	?	1	1	0	0	0	0	0	0	0	0	2	1	1	0	0	0	0	0	0	1	0	3	0	0	0	0	0	0	0	0	0	0	?	0	0	0	0	0	0	0	?	?	?	?	?	?	?	?	?	?	?	?	?	?	?	?	?	?
Aspidodiadema	1	0	0	0	0	0	0	0	0	0	0	2	1	0	0	0	0	0	0	0	0	0	0	0	1	1	0	0	0	0	0	0	1	2	0	1	0	1	0	0	5	1	5	0	0	0	0	0	0	0	1	0	0	0	0	0	0	0	3	0	0	0	2	0	0	0	0	3	0	?	0	1	0	0	0	0	0	0	0	0	0	0	0	0	0	0	3	0	0	0	0	0	1	0	0	0	0	0	0	0	0	1	1	0	0	0	0	0	0	0	0	0	0	0	0	2	0	?	?	0	0	0	0	0	0	1	1	0	0	0	0	0	0	2	2	1	0	0	0	0	0	0	0	0	2	0	0	0	0	1	0	0	2	0	0	0	0	0	2	0	0	0	1	1	0	1	1	1	0	0	0	?	1	1	2	0	0	0	0	1	0	0	0	1	1	3	0	0	0	0	0	0	0	0	0	0	?	0	0	0	0	0	0	0	?	?	?	?	?	?	?	?	?	?	?	?	?	?	?	?	?	?	?	?	?	?	?	?	?	?	?	?	?	?	?	?	?	?	?	?	?	?	?	?	?	?	?	?	?	?	?	?	?	?	?	?
Diadema	1	0	0	0	0	0	0	0	0	0	0	1	1	0	0	0	0	0	0	0	0	0	0	0	1	1	1	0	1	1	0	0	0	1	2	0	1	0	1	0	0	5	1	5	0	0	1	1	0	0	0	1	0	0	2	0	0	2	2	1	0	0	0	3	0	1	2	0	0	0	0	0	0	1	1	1	0	0	0	0	0	0	0	0	3	3	0	0	0	0	0	1	0	0	0	0	0	0	0	0	1	1	0	0	0	0	0	0	0	0	0	0	0	0	2	0	?	?	0	0	0	0	0	0	1	0	1	0	0	0	0	0	2	2	2	0	0	0	0	0	0	0	0	2	0	0	0	0	1	1	0	2	0	0	0	2	2	0	2	1	0	1	1	0	1	1	1	0	0	0	1	1	1	0	0	1	0	0	1	0	0	?	1	0	0	0	0	0	1	0	3	0	0	0	0	0	0	0	0	0	0	?	0	0	0	0	0	0	0	?	?	?	?	?	?	?	?	?	?	?	?	?	?	?	?	?	?	?	?	?	?	?	?	?	?	?	?	?	?	?	?	?	?	?	?	?	?	?	?	?	?	?	?	?	?	?	?	?	?	?	?	?	?	?
Heterodiadema	1	0	0	0	0	0	0	0	0	0	0	2	1	0	0	0	0	0	?	0	0	0	0	0	0	0	0	0	?	?	0	0	0	0	?	?	?	?	?	?	0	?	?	?	1	0	0	?	0	?	?	?	?	?	?	?	?	?	?	?	?	?	?	?	?	?	?	?	?	?	?	?	0	?	2	2	1	0	0	0	3	0	1	2	0	0	0	0	0	0	1	1	0	0	0	0	0	0	0	0	0	0	0	0	0	0	?	0	0	0	0	0	1	0	0	0	0	0	0	0	0	1	1	0	0	0	0	0	0	0	0	0	0	0	0	2	0	?	?	0	0	1	0	0	0	1	1	0	0	0	0	0	1	2	2	1	0	0	0	0	0	0	0	0	2	0	0	0	0	1	1	0	?	?	?	?	?	?	?	?	?	?	?	?	1	1	0	?	?	?	?	?	?	?	?	?	0	0	1	1	?	?	?	?	?	?	?	?	?	?	?	?	?	0	0	0	0	0	?	?	?	?	?	?	?	0	0	0	0	0	0	?	0	0	0	0	0	0	0	?	?	?	?	?	?	?	?	?	?	?	?	?	?	?	?	?	?	?	?	?	?	?	?	?
Micropyga	1	0	1	0	0	0	0	0	0	0	0	0	0	1	0	0	0	0	0	0	0	0	0	0	0	0	1	1	0	0	0	0	0	0	1	2	0	1	0	1	0	0	5	1	5	0	0	1	1	0	0	0	1	0	0	0	0	0	0	0	1	0	0	2	2	1	0	1	1	3	2	1	0	0	0	0	0	0	0	0	0	1	1	0	1	1	0	0	0	0	0	0	0	0	0	0	0	0	0	0	3	0	0	0	0	0	1	0	0	0	0	0	0	0	0	1	1	0	0	0	0	0	0	0	0	0	0	0	0	2	0	?	?	0	0	1	0	0	0	1	0	1	0	0	0	0	0	2	0	1	0	0	0	0	0	0	0	0	2	0	0	0	0	1	2	0	2	0	0	0	0	0	2	0	0	0	1	1	0	1	1	1	0	0	0	?	1	1	0	0	0	0	0	0	0	0	0	1	0	0	0	0	0	0	0	1	0	3	0	0	0	0	0	0	0	0	0	0	?	0	0	0	0	0	0	0	?	?	?	?	?	?	?	?	?	?	?	?	?	?	?	?	?	?	?	?	?	?	?	?	?	?	?	?	?	?
Caenopedina	1	0	0	0	0	0	0	0	0	0	0	2	1	0	0	0	0	0	0	0	0	0	0	0	1	1	0	0	0	0	2	0	1	2	0	0	0	1	0	0	5	1	5	0	0	0	0	0	0	0	1	0	0	1	0	0	2	2	1	0	0	0	3	0	1	2	0	0	0	0	0	0	1	1	1	0	0	0	0	0	0	0	0	0	0	0	0	0	3	?	0	0	0	0	0	1	0	0	0	0	0	0	0	0	1	1	0	0	0	0	0	0	0	0	0	0	0	0	2	0	?	?	0	0	0	0	0	0	1	1	0	0	0	0	0	0	2	0	3	0	0	0	0	0	0	0	0	2	0	0	0	0	1	0	0	2	0	0	0	0	0	2	0	0	0	1	1	0	1	1	1	0	0	0	?	1	1	1	0	0	0	0	0	0	0	0	1	0	3	0	0	0	0	0	0	0	0	0	0	?	0	0	0	0	0	0	0	?	?	?	?	?	?	?	?	?	?	?	?	?	?	?	?	?	?	?	?	?	?	?	?	?	?	?	?	?	?	?	?	?	?	?	?	?	?	?	?	?	?	?	?	?	?	?	?	?	?	?
Eodiadema	1	0	0	0	0	0	0	0	0	0	0	2	1	0	0	0	0	0	0	0	0	0	0	0	0	0	0	0	?	?	1	0	1	1	1	0	0	1	2	0	0	0	1	0	0	5	1	5	0	?	0	1	0	0	0	0	0	0	0	0	0	0	0	a	1	?	?	?	0	?	0	1	2	0	0	0	0	3	0	?	0	1	1	0	0	0	0	0	0	0	0	0	0	0	0	0	0	?	0	0	0	0	0	1	0	0	0	0	0	0	0	0	1	1	0	0	0	0	0	0	0	0	0	0	0	0	2	0	?	?	0	0	0	0	0	0	1	1	0	0	1	0	0	1	2	2	3	0	0	0	0	0	0	0	0	2	0	0	0	0	1	0	0	?	?	?	?	?	?	?	?	?	?	0	1	1	0	1	?	1	0	0	0	?	1	1	?	0	0	0	0	0	0	0	?	?	?	?	0	0	0	?	0	?	?	?	?	?	?	0	0	0	0	0	0	0	?	0	0	0	0	0	0	0	?	?	?	?	?	?	?	?	?	?	?	?	?	?	?	?	?	?	?	?	?	?	?	?	?	?	?	?	?	?	?	?	?	?	?	?	?	?	?
Orthopsis	1	0	0	0	0	0	0	0	0	0	0	2	1	0	0	0	0	0	0	0	0	0	0	0	0	0	0	0	?	?	0	0	0	0	2	0	1	2	0	0	0	1	0	0	5	1	5	0	0	0	0	0	0	0	0	0	0	0	0	0	0	0	a	1	?	?	?	0	?	0	2	2	0	0	0	0	3	0	?	0	1	1	1	0	0	0	0	0	0	0	0	0	0	0	0	0	1	?	0	0	0	0	0	1	0	0	0	0	0	0	0	0	1	1	0	0	0	0	0	0	0	0	0	0	0	0	2	0	?	?	0	0	0	0	0	0	1	1	0	1	0	0	1	0	2	0	1	0	0	0	0	0	0	0	0	2	0	0	0	0	1	0	0	?	?	?	?	0	0	2	1	0	0	1	1	0	1	1	1	1	0	0	?	1	1	1	?	0	0	0	0	0	0	?	0	0	0	0	0	0	0	0	?	?	?	?	?	?	?	0	0	0	0	0	0	?	0	0	0	0	0	0	0	?	?	?	?	?	?	?	?	?	?	?	?	?	?	?	?	?	?	?	?	?	?	?	?	?	?	?	?	?	?	?	?	?	?	?
Acrosalenia	1	0	0	0	0	0	0	0	0	0	0	2	1	0	0	0	0	0	0	0	0	0	0	0	1	1	1	0	1	1	1	0	0	1	2	0	0	0	1	1	0	5	1	5	0	0	0	0	0	0	0	2	2	1	?	?	0	?	2	2	0	0	0	0	3	0	1	2	0	0	0	0	0	0	1	1	1	0	0	0	0	0	0	0	0	0	0	0	0	0	1	?	0	0	0	0	0	1	0	0	0	0	0	0	0	0	1	1	0	0	0	0	0	0	0	0	0	0	0	0	2	0	?	?	0	0	1	0	0	0	1	1	0	0	1	0	0	0	2	2	3	0	0	0	0	0	0	0	0	2	0	0	0	0	1	1	0	2	0	0	0	0	0	2	1	0	0	1	1	0	1	0	?	1	0	0	1	1	1	1	?	0	1	0	0	0	0	0	0	1	0	2	0	0	0	0	0	0	0	0	0	0	?	0	0	0	0	0	0	0	?	?	?	?	?	?	?	?	?	?	?	?	?	?	?	?	?	?	?	?	?	?	?	?	?	?	?	?	?	?	?	?	?	?	?	?	?	?	?	?	?	?	?	?	?	?	?	?	?	?	?	?	?	?
Goniophorus	1	0	0	0	0	0	0	0	0	0	0	2	1	0	0	0	0	0	3	0	0	0	0	0	0	0	0	0	?	?	0	0	0	0	2	0	1	2	0	0	0	1	1	0	5	1	5	0	0	0	0	0	0	0	1	0	0	1	0	0	0	0	2	2	1	?	?	0	?	0	1	2	0	0	0	0	2	0	?	2	0	0	0	0	0	0	1	1	0	0	0	0	0	0	0	0	0	0	0	0	0	0	?	0	0	0	0	0	1	0	0	0	0	0	0	0	0	1	1	0	0	0	0	0	0	0	0	0	0	0	0	2	0	?	?	0	0	0	0	0	0	1	1	1	1	0	0	0	0	2	3	0	0	0	0	0	0	0	0	3	0	0	0	0	1	0	0	?	?	?	?	?	?	?	?	?	?	?	?	1	1	?	?	?	?	?	?	?	?	?	?	?	?	?	?	1	0	0	0	0	0	0	?	?	1	1	2	0	0	0	0	0	0	0	0	0	0	?	0	0	0	0	0	0	0	?	?	?	?	?	?	?	?	?	?	?	?	?	?	?	?	?	?	?	?	?	?	?	?	?	?	?	?	?	?	?	?	?	?
Hyposalenia	1	0	0	0	0	0	0	0	0	0	0	2	1	0	0	0	0	0	1	0	0	0	0	0	0	0	0	0	?	?	0	0	0	0	2	0	1	2	0	0	0	1	1	1	5	1	5	0	0	0	0	0	0	0	1	0	0	0	0	0	0	0	2	2	1	?	?	0	?	0	2	2	0	0	0	0	2	0	?	2	0	0	0	0	0	0	1	1	1	0	0	0	0	0	0	0	0	0	0	0	0	0	1	?	0	0	0	0	0	1	0	0	0	0	0	0	0	0	1	1	0	0	0	0	0	0	0	0	0	0	0	0	1	0	?	?	0	0	0	0	0	0	1	1	0	0	1	0	0	0	0	2	3	0	0	0	0	0	0	0	0	3	0	0	0	0	1	0	0	?	?	?	?	0	0	2	0	0	0	0	1	1	?	?	?	?	?	?	?	?	?	?	?	?	?	?	1	?	0	1	1	0	0	0	0	?	0	0	0	0	0	0	0	0	?	?	?	?	?	?	0	0	0	0	0	0	0	?	0	0	0	0	0	0	0	?	?	?	?	?	?	?	?	?	?	?	?	?	?	?	?	?	?	?	?	?	?	?	?
Pseudosalenia	1	0	0	0	0	0	0	0	0	0	0	2	1	0	0	0	0	0	1	0	0	0	0	0	0	0	0	0	?	?	0	0	0	0	2	0	1	2	0	0	0	1	1	0	5	1	5	0	0	0	0	0	0	0	2	2	1	?	?	0	?	1	2	1	0	0	0	3	0	1	2	0	0	0	0	0	0	1	1	1	0	0	0	0	0	0	0	0	0	0	0	0	0	1	?	0	0	0	0	0	1	0	0	0	0	0	0	0	0	1	1	0	0	0	0	0	0	0	0	0	0	0	0	1	0	?	?	0	0	0	0	0	0	1	1	0	0	1	0	0	0	2	2	3	0	0	0	0	0	0	0	0	3	0	0	0	0	1	0	0	?	?	?	?	?	?	?	?	?	?	?	?	1	1	?	?	?	?	?	?	?	?	?	?	?	?	?	?	1	?	0	1	?	0	0	0	?	?	0	0	0	0	0	0	0	0	?	?	?	?	?	?	0	0	0	0	0	0	0	?	0	0	0	0	0	0	0	?	?	?	?	?	?	?	?	?	?	?	?	?	?	?	?	?	?	?	?	?	?	?	?	?	?	?	?	?	?	?	?	?
Holosalenia	1	0	0	0	0	0	0	0	0	0	0	2	1	0	0	0	0	0	1	0	0	0	0	0	0	0	0	0	?	?	1	0	1	1	1	1	0	1	2	0	0	0	1	1	1	5	1	5	0	0	0	0	0	0	0	2	2	2	?	?	0	?	0	2	2	0	0	0	0	2	0	?	2	0	0	0	0	0	0	1	1	0	0	0	0	0	0	0	0	0	0	0	0	0	0	?	0	0	0	0	0	1	0	0	0	0	0	0	0	0	1	1	0	0	0	0	0	0	0	0	0	0	0	0	2	0	?	?	0	0	0	0	0	0	1	1	1	1	0	0	0	0	2	3	0	0	0	0	0	0	0	0	3	0	0	0	0	1	0	0	?	?	?	?	?	?	?	?	?	?	?	?	1	1	?	?	?	?	?	?	?	?	?	?	?	?	?	?	?	?	?	?	?	?	?	?	?	?	?	?	?	0	0	0	0	0	?	?	?	?	?	?	0	0	0	0	0	0	0	?	0	0	0	0	0	0	0	?	?	?	?	?	?	?	?	?	?	?	?	?	?	?	?	?	?	?	?	?	?	?	?	?	?	?	?	?	?	?	?	?	?	?	?	?	?
Salenia	1	0	0	0	0	0	0	0	0	0	0	2	1	0	0	0	0	0	1	0	0	0	0	0	1	1	0	0	0	0	2	0	1	2	0	0	0	1	1	1	5	1	5	0	0	0	0	0	0	0	1	0	0	0	0	0	0	0	2	2	2	0	1	0	0	0	2	2	0	0	0	0	2	0	?	2	0	0	0	0	0	0	1	1	1	0	0	0	0	0	0	0	0	1	3	0	0	0	0	0	1	0	0	0	0	0	0	0	0	1	1	0	0	0	0	0	0	0	0	0	0	0	0	2	0	?	?	0	0	0	0	0	0	1	1	0	0	1	0	0	0	0	2	3	0	0	0	0	0	0	0	0	3	0	0	0	0	1	0	0	2	0	0	0	0	0	2	0	0	1	1	0	1	0	1	1	0	0	1	1	1	1	1	0	0	0	0	0	0	1	0	1	2	0	0	0	0	0	0	0	?	0	0	0	0	0	0	0	?	?	?	?	?	?	?	?	?	?	?	?	?	?	?	?	?	?	?	?	?	?	?	?	?	?	?	?	?	?	?	?	?	?	?	?	?	?	?	?	?	?	?	?	?	?	?	?	?
Salenocidaris	1	0	0	0	0	0	0	0	0	0	0	2	1	0	0	0	0	0	0	0	0	0	0	0	1	1	1	0	1	1	1	1	0	1	2	0	0	0	1	1	1	5	1	5	0	0	0	0	0	0	0	2	2	2	0	1	0	0	0	1	2	0	0	0	0	2	0	?	2	0	0	0	0	0	0	1	1	0	0	0	0	0	0	0	0	0	0	0	0	0	0	3	0	0	0	0	0	1	0	0	0	0	0	0	0	0	1	1	0	0	0	0	0	0	0	0	0	0	0	0	2	0	?	?	0	0	0	0	0	0	1	1	1	1	1	0	0	0	2	3	0	0	0	0	0	0	0	0	3	0	0	0	0	1	0	0	2	0	0	0	0	0	2	0	0	0	1	1	0	1	0	1	1	0	0	1	1	1	1	1	0	0	0	0	0	0	1	0	1	1	1	2	0	0	0	0	0	0	0	?	0	0	0	0	0	0	0	?	?	?	?	?	?	?	?	?	?	?	?	?	?	?	?	?	?	?	?	?	?	?	?	?	?	?	?	?	?	?	?	?	?	?	?	?	?	?	?	?	?	?	?	?	?	?	?	?	?	?	?	?	?	?	?	?
Emiratia	1	0	0	0	0	0	0	0	0	0	0	2	1	0	0	0	0	0	0	0	0	0	0	0	0	0	0	0	?	?	0	0	0	0	0	0	1	2	0	1	0	1	1	0	5	1	5	0	?	1	0	0	0	0	0	0	0	0	0	0	0	0	a	2	1	0	?	0	?	2	2	2	0	0	0	4	0	2	2	0	0	0	0	0	0	1	0	0	1	1	0	0	0	0	0	0	0	0	0	0	0	0	0	0	?	0	0	0	0	0	1	0	0	0	0	0	0	0	0	1	1	0	0	0	0	0	0	0	0	0	0	0	0	2	0	?	?	0	0	1	0	0	0	1	0	1	0	0	0	0	0	2	2	1	0	0	0	0	0	0	0	0	2	0	0	0	0	1	1	0	?	?	?	?	?	?	?	?	?	?	?	?	1	1	?	?	?	?	?	?	?	?	?	?	?	?	?	?	?	?	?	?	?	?	?	?	?	?	?	?	?	0	0	0	0	0	?	?	?	?	?	?	0	0	0	0	0	0	0	?	0	0	0	0	0	0	0	?	?	?	?	?	?	?	?	?	?	?	?	?	?	?	?	?	?	?	?	?	?
Gauthieria	1	0	0	0	0	0	0	0	0	0	0	2	1	0	0	0	0	0	0	0	0	0	0	0	0	0	0	0	?	?	0	0	0	0	0	0	1	2	0	1	0	1	1	0	5	1	5	0	?	0	1	0	0	0	1	0	0	0	0	2	1	0	?	0	?	2	2	2	0	0	1	4	3	2	2	0	0	0	0	0	0	1	1	0	0	0	0	0	0	0	0	0	0	0	0	0	0	?	0	0	0	0	0	1	0	0	0	0	0	0	0	0	1	1	0	0	0	0	0	0	0	0	0	0	0	0	2	0	?	?	0	0	1	0	0	0	1	1	0	0	0	0	0	0	0	1	1	0	0	1	0	0	0	0	0	2	0	0	0	0	1	0	0	?	?	?	?	1	2	0	2	0	0	0	1	1	?	?	?	?	?	?	?	?	?	?	?	?	?	?	1	0	0	1	0	0	0	0	0	?	0	0	0	0	0	0	0	0	?	?	?	?	?	?	0	0	0	0	0	0	0	?	0	0	0	0	0	0	0	?	?	?	?	?	?	?	?	?	?	?	?	?	?	?	?	?	?	?	?	?	?	?	?	?	?	?	?	?	?
Polydiadema	1	0	0	0	0	0	0	0	0	0	0	2	1	0	0	0	0	0	?	0	0	0	0	0	0	0	0	0	?	?	0	0	0	0	?	?	?	?	?	?	0	a	?	?	1	0	1	?	0	?	?	?	?	?	?	1	?	?	?	?	?	?	?	?	0	?	?	?	?	?	?	?	0	?	2	2	1	0	0	0	3	0	1	2	0	0	0	0	0	0	1	1	1	0	0	0	0	0	0	0	0	0	0	0	0	0	1	?	0	0	0	0	0	1	0	0	0	0	0	0	0	0	1	1	0	0	0	0	0	0	0	0	0	0	0	0	2	0	?	?	0	0	1	0	0	0	1	1	0	0	0	0	0	0	2	2	1	0	0	0	0	0	0	0	0	2	0	0	0	0	1	2	0	?	?	?	?	1	?	0	2	1	0	0	1	1	?	?	?	?	?	?	?	?	?	?	?	?	?	?	?	?	?	?	?	?	?	?	?	?	?	?	?	?	0	?	?	0	?	?	?	?	?	?	0	0	0	0	0	0	0	?	0	0	0	0	0	0	0	?	?	?	?	?	?	?	?	?	?	?	?	?	?	?	?	?	?	?	?	?	?	?	?	?	?
Diplopodia	1	0	0	0	0	0	0	0	0	0	0	2	1	0	0	0	0	0	?	0	0	0	0	0	1	1	0	0	0	0	?	?	?	?	?	?	0	a	?	?	1	0	1	?	0	?	?	?	?	?	?	1	?	?	?	?	?	?	?	?	0	?	?	?	?	?	?	?	0	?	2	2	1	0	0	0	3	0	1	2	0	0	0	0	0	0	1	0	0	1	1	1	0	0	0	0	0	0	0	0	0	0	0	0	0	1	?	0	0	0	0	0	1	0	0	0	0	0	0	0	0	1	1	0	0	0	0	0	0	0	0	0	0	0	0	2	0	?	?	0	0	1	0	0	0	1	1	0	1	0	0	0	0	2	2	1	0	0	0	0	0	0	0	0	2	0	0	0	0	1	1	0	?	?	?	?	?	?	?	?	?	?	?	?	1	1	?	1	?	?	1	?	?	1	0	?	0	0	1	1	1	?	0	1	0	0	0	0	0	?	0	0	0	0	0	0	0	0	?	?	?	?	?	?	0	0	0	0	0	0	0	?	0	0	0	0	0	0	0	?	?	?	?	?	?	?	?	?	?	?	?	?	?	?	?	?	?	?	?	?	?	?	?	?	?
Phymosoma	1	0	0	0	0	0	0	0	0	0	0	2	1	0	0	0	0	0	0	0	0	0	0	0	0	0	0	0	?	?	0	0	0	0	?	?	?	?	?	?	0	1	2	0	1	0	1	?	0	?	?	?	?	?	?	1	?	?	?	?	?	?	?	?	0	?	?	?	?	?	?	?	0	?	2	2	2	0	0	1	4	3	2	2	0	0	0	0	0	0	1	0	0	1	1	1	0	0	0	0	0	0	0	0	0	0	0	0	0	1	?	0	0	0	0	0	1	0	0	0	0	0	0	0	0	1	1	0	0	0	0	0	0	0	0	0	0	0	0	2	0	?	?	0	0	1	0	0	0	1	1	0	1	0	0	0	0	0	1	1	0	0	0	0	0	0	0	0	2	0	0	0	0	1	0	0	2	0	0	0	1	2	0	2	0	0	0	0	1	1	0	1	0	1	1	0	0	?	1	1	1	1	0	0	0	0	0	0	0	0	0	0	0	0	0	0	?	?	?	?	?	?	0	0	0	0	0	0	0	?	0	0	0	0	0	0	0	?	?	?	?	?	?	?	?	?	?	?	?	?	?	?	?	?	?	?	?	?	?	?	?	?	?	?	?
Acropeltis	1	0	0	0	0	0	0	0	0	0	0	2	1	0	0	0	0	0	0	0	0	0	0	0	0	0	0	0	?	?	0	0	0	0	2	0	1	2	0	0	0	1	0	0	5	1	5	1	0	0	1	0	0	0	0	0	2	0	0	0	0	0	a	1	?	?	?	0	?	0	2	2	1	0	0	1	3	1	?	2	0	0	0	0	0	0	1	1	1	0	0	0	0	0	0	0	0	0	0	0	0	0	1	?	0	0	0	0	0	1	0	0	0	0	0	0	0	0	1	1	0	0	0	0	0	0	0	0	0	0	0	0	1	0	?	?	0	0	0	0	0	0	1	1	0	0	0	0	0	0	0	0	1	1	0	0	0	0	0	0	0	2	0	0	0	0	1	0	0	?	?	?	?	?	?	?	?	?	?	?	?	1	1	?	?	?	?	?	?	?	?	?	?	?	?	?	?	1	?	0	1	?	0	0	0	0	?	0	0	0	0	0	0	0	0	?	?	?	?	?	?	0	0	0	0	0	0	0	?	0	0	0	0	0	0	0	?	?	?	?	?	?	?	?	?	?	?	?	?	?	?	?	?	?	?	?	?	?	?	?
Glypticus	1	0	0	0	0	0	0	0	0	0	0	2	1	0	0	0	0	0	1	0	0	0	1	0	1	0	0	0	0	2	0	1	2	0	0	0	1	0	0	5	1	5	0	0	0	0	0	0	0	0	1	0	1	0	0	0	0	a	1	?	?	?	0	?	0	2	2	1	0	0	1	3	1	?	2	0	0	0	0	0	0	2	0	0	0	0	0	1	1	1	0	0	0	0	0	0	0	0	0	0	0	0	0	1	?	0	0	0	0	0	1	0	0	0	0	0	0	0	0	1	1	0	0	0	0	0	0	0	0	0	0	0	0	1	0	?	?	0	0	0	0	0	0	1	1	0	0	0	0	0	0	0	0	2	1	0	0	0	0	0	0	0	2	0	0	0	0	1	0	0	?	?	?	?	?	?	?	?	?	?	?	?	1	1	?	?	?	?	?	?	?	?	?	?	?	?	?	?	1	?	0	1	0	2	0	?	?	?	0	0	0	0	0	0	0	0	?	?	?	?	?	?	0	0	0	0	0	0	0	?	0	0	0	0	0	0	0	?	?	?	?	?	?	?	?	?	?	?	?	?	?	?	?	?	?	?	?	?	?	?
Arbacia	1	0	0	0	0	0	0	0	0	0	0	2	1	0	0	0	0	0	0	0	0	0	1	0	0	0	0	0	0	A	0	0	0	0	2	0	1	2	0	0	0	1	0	0	5	1	5	0	0	0	0	0	0	0	1	0	0	0	0	0	1	0	1	0	1	1	0	0	2	2	1	0	0	1	3	2	1	0	0	0	0	0	0	0	0	0	1	0	0	0	0	0	1	1	1	1	0	0	0	0	0	0	0	3	3	0	0	0	0	0	1	0	0	0	0	0	0	0	0	1	0	0	0	0	0	0	0	0	0	2	0	0	0	0	2	0	0	0	0	0	2	A	0	1	0	0	1	0	1	0	0	0	0	0	0	0	1	1	0	0	0	0	0	0	0	2	0	0	0	0	1	0	1	2	0	0	0	0	0	2	0	0	1	1	0	1	1	1	1	0	0	1	1	1	1	0	0	0	0	0	0	0	0	1	1	0	0	1	0	0	0	0	0	0	0	?	0	0	0	0	0	0	0	?	?	?	?	?	?	?	?	?	?	?	?	?	?	?	?	?	?	?	?	?	?	?	?	?	?	?	?	?	?	?	?	?	?	?	?	?	?	?	?	?
Coelopleurus	1	0	0	0	0	0	0	0	0	0	0	2	1	0	0	0	0	0	0	0	0	0	1	0	0	0	0	0	?	?	0	0	0	0	2	0	1	2	0	0	0	1	0	0	5	1	5	0	0	0	0	0	0	0	1	1	0	0	0	0	1	0	1	0	1	1	0	0	2	2	1	0	0	1	3	2	1	0	0	0	0	0	0	0	0	0	1	1	A	1	0	0	0	0	0	0	0	0	0	0	0	0	A	3	0	0	0	0	0	1	0	0	0	0	0	0	0	0	1	0	0	0	0	0	0	0	0	0	2	0	0	0	0	2	0	0	0	0	0	2	1	0	1	0	0	1	1	0	0	0	0	0	0	0	0	1	0	0	0	0	0	0	0	0	2	0	0	0	0	1	0	1	2	0	0	0	0	0	2	1	0	0	1	1	0	1	1	1	1	0	0	1	1	1	1	1	1	0	0	0	0	0	1	1	2	0	1	0	0	0	0	0	0	0	0	?	0	0	0	0	0	0	0	?	?	?	?	?	?	?	?	?	?	?	?	?	?	?	?	?	?	?	?	?	?	?	?	?	?	?	?	?	?	?	?	?	?	?	?	?	?	?	?	?	?	?
Glyptocidaris	1	0	0	0	0	0	0	0	0	0	0	2	1	0	0	0	0	0	0	0	0	0	0	0	0	0	0	0	?	?	1	0	1	1	1	1	0	1	2	0	?	0	1	0	0	5	1	5	0	0	1	0	0	0	0	1	1	2	0	1	0	?	2	2	2	0	0	1	4	2	1	2	0	0	0	0	0	0	2	2	0	1	1	1	0	0	0	0	0	0	0	0	2	3	0	0	0	0	0	1	0	0	0	0	0	0	0	0	1	1	0	0	0	0	0	0	0	0	0	0	0	0	2	0	?	?	0	0	0	0	0	0	1	1	0	1	0	0	0	0	0	2	1	0	0	0	0	0	0	0	0	2	0	0	0	0	1	0	0	2	0	0	0	?	?	0	2	1	0	0	1	1	0	1	1	1	1	0	0	1	1	1	1	?	0	1	0	0	0	0	0	0	1	0	2	0	0	0	0	0	0	0	0	0	0	?	0	0	0	0	0	0	0	?	?	?	?	?	?	?	?	?	?	?	?	?	?	?	?	?	?	?	?	?	?	?	?	?	?	?	?	?	?	?	?	?	?	?	?	?	?	?	?	?	?	?	?	?	?	?	?	?	?	?	?
Stomechinus	1	0	0	0	0	0	0	0	0	0	0	2	1	0	0	0	0	0	0	0	0	0	0	0	1	1	0	0	0	0	2	0	1	2	0	0	0	1	0	0	5	1	5	0	0	1	0	0	0	0	0	0	0	0	0	0	0	a	1	1	?	?	?	0	?	2	2	1	0	0	0	3	0	1	2	0	0	0	0	0	0	2	2	0	1	1	1	0	0	0	0	0	0	0	0	2	3	0	0	0	0	0	1	0	0	0	0	0	0	0	0	1	1	0	0	0	0	0	0	0	0	0	0	0	0	2	0	?	?	0	0	1	0	0	0	1	1	0	1	0	0	0	0	0	0	1	1	0	0	0	0	0	0	0	2	0	0	0	0	1	1	0	?	?	?	?	1	2	0	2	1	?	?	?	1	1	0	1	1	1	1	0	0	1	1	1	1	0	?	0	0	0	0	0	?	0	0	0	0	0	0	0	0	?	?	?	?	?	?	0	0	0	0	0	0	0	?	0	0	0	0	0	0	0	?	?	?	?	?	?	?	?	?	?	?	?	?	?	?	?	?	?	?	?	?	?	?	?	?	?	?	?	?	?	?	?	?	?	?
Stomopneustes	1	0	0	0	0	0	0	0	0	0	0	2	1	0	0	0	0	0	0	0	0	0	0	0	1	1	1	0	1	1	1	0	0	1	2	0	?	0	1	0	0	5	1	5	0	0	1	0	0	0	0	0	0	0	0	0	0	0	0	a	1	0	0	1	0	0	2	2	2	0	0	1	4	3	1	1	0	0	2	0	0	0	0	0	0	2	2	0	1	3	1	0	0	0	0	0	0	0	0	3	3	0	0	0	0	0	1	0	0	0	0	0	0	0	0	1	1	0	0	0	0	0	0	0	0	0	0	0	0	2	0	?	?	0	0	0	0	0	0	1	1	0	1	0	0	0	0	0	0	1	0	0	0	0	0	0	0	0	2	0	0	0	0	1	1	0	2	0	0	0	0	0	2	1	0	0	1	1	0	1	1	1	1	0	0	1	1	1	1	0	0	0	0	0	0	0	0	1	0	2	0	0	0	0	0	0	0	0	0	0	?	0	0	0	0	0	0	0	?	?	?	?	?	?	?	?	?	?	?	?	?	?	?	?	?	?	?	?	?	?	?	?	?	?	?	?	?	?	?	?	?	?	?	?	?	?	?	?	?	?	?	?	?
Hemicidaris	1	0	0	0	0	0	0	0	0	0	0	2	1	0	0	0	0	0	0	0	0	0	0	0	1	1	0	0	0	0	2	0	1	2	0	0	0	1	0	0	5	1	5	0	0	0	0	0	0	0	0	0	0	0	0	0	0	0	a	1	?	?	?	0	?	0	2	2	C	0	0	0	3	0	1	2	0	0	0	0	0	0	1	1	1	0	0	0	0	0	0	0	0	0	0	0	0	0	3	?	0	0	0	0	0	1	0	0	0	0	0	0	0	0	1	1	0	0	0	0	0	0	0	0	0	0	0	0	2	0	?	?	0	0	0	0	0	0	1	1	1	1	1	0	0	2	2	3	0	0	0	0	0	0	0	0	2	0	0	0	0	1	1	0	?	?	?	?	0	0	2	0	0	0	1	1	0	1	1	1	1	0	0	?	1	1	1	?	0	1	0	0	0	0	0	?	1	0	2	0	0	0	0	0	0	0	0	0	0	?	0	0	0	0	0	0	0	?	?	?	?	?	?	?	?	?	?	?	?	?	?	?	?	?	?	?	?	?	?	?	?	?	?	?	?	?	?	?	?	?	?	?	?	?	?	?	?	?	?	?
Pseudocidaris	1	0	0	0	0	0	0	0	0	0	0	2	1	0	0	0	0	0	0	0	0	0	0	0	0	0	0	0	?	?	0	0	0	0	2	0	1	2	0	0	0	1	0	0	5	1	5	0	0	0	0	0	0	0	0	0	0	0	0	0	0	0	a	1	?	?	?	0	?	1	2	1	0	0	0	3	0	1	2	0	0	0	0	0	0	1	1	1	0	0	0	0	0	0	0	0	0	0	0	0	0	1	?	0	0	0	0	0	1	0	0	0	0	0	0	0	0	1	1	0	0	0	0	0	0	0	0	0	0	0	0	1	0	?	?	0	0	0	0	0	0	1	1	1	1	0	0	0	2	1	3	0	0	0	0	0	0	0	0	2	0	0	0	0	1	0	0	?	?	?	?	?	?	?	?	?	?	?	?	1	1	?	?	?	?	?	?	?	?	?	?	?	?	?	?	1	?	?	1	0	0	0	0	0	?	0	0	0	1	0	0	0	0	?	?	?	?	?	?	0	0	0	0	0	0	0	?	0	0	0	0	0	0	0	?	?	?	?	?	?	?	?	?	?	?	?	?	?	?	?	?	?	?	?	?	?	?	?	?	?	?
Pseudodiadema	1	0	0	0	0	0	0	0	0	0	0	2	1	0	0	0	0	0	0	0	0	0	0	0	0	0	0	0	?	?	0	0	0	0	2	0	1	2	0	0	0	1	0	0	5	1	5	0	0	1	0	0	0	0	0	0	0	0	0	0	0	0	a	1	?	?	?	0	?	2	2	2	0	0	0	3	0	1	2	0	0	0	0	0	0	1	1	1	0	0	0	0	0	0	0	0	0	0	0	0	0	3	?	0	0	0	0	0	1	0	0	0	0	0	0	0	0	1	1	0	0	0	0	0	0	0	0	0	0	0	0	2	0	?	?	0	0	0	0	0	0	1	1	0	0	0	0	0	0	2	2	1	0	1	0	0	0	0	0	0	2	0	0	0	0	1	1	0	?	?	?	?	1	2	0	2	1	0	0	1	1	0	1	1	1	1	0	0	1	1	1	1	?	0	1	1	0	0	0	0	?	0	0	0	0	0	0	0	0	?	?	?	?	?	?	0	0	0	0	0	0	0	?	0	0	0	0	0	0	0	?	?	?	?	?	?	?	?	?	?	?	?	?	?	?	?	?	?	?	?	?	?	?	?	?	?	?	?	?	?
Glyphopneustes	1	0	0	0	0	0	0	0	0	0	0	2	1	0	0	0	0	0	1	0	0	0	0	0	0	0	0	0	?	?	0	0	0	0	2	0	1	2	0	0	0	1	0	0	5	1	5	0	0	0	0	0	0	0	0	0	1	1	0	0	0	0	a	1	?	?	?	0	?	2	2	1	0	0	1	3	1	0	2	0	0	0	0	0	0	2	0	0	0	0	0	1	1	0	0	0	0	0	0	0	0	0	0	0	0	0	0	?	0	0	0	0	0	1	0	0	0	0	0	0	0	0	1	1	0	0	0	0	0	0	0	0	0	0	0	0	2	0	?	?	0	0	0	0	0	0	1	1	0	0	0	0	0	0	0	0	2	0	0	0	0	0	0	0	0	2	0	0	0	0	1	0	0	?	?	?	?	?	?	?	?	?	?	?	?	1	1	?	?	?	?	?	?	?	?	?	?	?	?	?	?	?	?	?	?	?	?	?	?	?	?	?	?	?	0	0	0	0	0	1	1	2	0	0	0	0	0	0	0	0	0	0	?	0	0	0	0	0	0	0	?	?	?	?	?	?	?	?	?	?	?	?	?	?	?	?	?	?	?
Echinus	1	0	0	0	0	0	0	0	0	0	0	2	1	0	0	0	0	0	0	0	0	0	0	0	0	0	0	0	0	2	0	1	2	0	1	0	1	0	0	5	1	5	0	0	0	0	0	0	0	1	1	2	0	1	0	0	2	2	1	0	1	1	3	1	0	2	0	0	0	0	0	0	2	2	0	1	1	0	0	0	0	0	0	0	0	0	0	0	0	0	0	3	0	0	0	0	0	1	0	0	0	0	0	0	0	0	1	1	0	0	0	0	0	0	0	0	0	0	0	0	2	0	?	?	0	0	0	0	0	0	1	A	0	A	0	0	1	0	0	0	1	1	0	0	0	0	0	0	0	2	0	0	0	0	1	0	0	2	0	0	0	1	2	0	2	1	0	0	1	1	0	1	0	1	1	1	0	1	1	1	1	0	0	0	0	0	0	0	0	1	0	2	0	1	0	0	0	0	0	0	0	0	?	0	0	0	0	0	0	0	?	?	?	?	?	?	?	?	?	?	?	?	?	?	?	?	?	?	?	?	?	?	?	?	?	?	?	?	?	?	?	?	?	?	?	?	?	?	?	?	?	?	?	?	?	?	?	?
Echinometra	2	0	0	1	0	0	0	0	0	0	0	0	0	0	2	1	0	0	0	0	0	0	0	0	0	0	0	1	1	0	0	0	0	2	0	1	2	0	1	0	1	0	0	5	1	5	0	0	1	0	0	0	0	0	0	0	0	0	0	0	0	a	1	0	0	1	0	0	2	2	2	0	0	1	4	3	0	2	0	0	0	0	0	0	2	2	0	1	1	0	0	0	0	0	0	0	0	0	0	0	0	0	0	3	0	0	0	0	0	1	0	0	0	0	0	0	0	0	1	1	0	0	0	0	0	0	0	0	0	0	0	0	2	0	?	?	0	0	0	0	0	0	1	1	0	1	0	0	0	0	0	0	2	1	0	0	0	0	0	0	0	2	0	0	0	0	1	0	0	2	0	0	0	1	2	0	2	1	0	0	1	1	0	1	0	1	1	1	1	1	1	1	1	0	0	0	0	0	0	0	0	1	0	2	0	1	0	0	0	0	0	0	0	0	?	0	0	0	0	0	0	0	?	?	?	?	?	?	?	?	?	?	?	?	?	?	?	?	?	?	?	?	?	?	?	?	?	?	?	?	?	?	?	?	?	?	?	?
Parasalenia	2	0	0	1	0	0	0	0	0	0	0	0	0	0	2	1	0	0	0	0	0	0	0	0	0	0	0	0	0	0	0	0	2	0	1	2	0	1	0	1	0	0	5	1	5	0	0	0	0	0	0	0	1	0	1	1	0	0	2	2	1	0	0	1	3	1	0	2	0	0	0	0	0	0	1	1	1	0	0	0	0	0	0	0	0	1	3	0	0	0	0	0	1	0	0	0	0	0	0	0	0	1	1	0	0	0	0	0	0	0	0	0	0	0	0	2	0	?	?	0	0	0	0	0	0	1	1	0	0	0	0	0	0	0	0	1	1	0	0	0	0	0	0	0	2	0	0	0	0	1	0	0	2	0	0	0	1	2	0	2	1	0	0	1	1	0	1	0	1	1	1	0	1	1	1	1	0	0	0	0	0	0	0	0	1	0	2	0	1	?	0	0	0	0	0	0	0	?	0	0	0	0	0	0	0	?	?	?	?	?	?	?	?	?	?	?	?	?	?	?	?	?	?	?	?	?	?	?	?	?	?	?	?	?	?	?	?	?	?	?	?	?	?	?	?	?	?	?	?	?	?	?	?	?	?	?	?	?	?
Parechinus	1	0	0	0	0	0	0	0	0	0	0	2	1	0	0	0	0	0	0	0	0	0	0	0	0	1	0	1	1	1	0	0	1	2	0	1	0	1	0	0	5	1	5	0	0	1	0	0	0	0	1	0	0	0	0	0	1	1	2	0	1	0	0	2	2	1	0	0	1	3	1	0	2	0	0	0	0	0	0	2	2	0	1	1	0	0	0	0	0	0	0	0	0	0	0	0	0	0	3	0	0	0	0	0	1	0	0	0	0	0	0	0	0	1	1	0	0	0	0	0	0	0	0	0	0	0	0	2	0	?	?	0	0	0	0	0	0	1	1	0	1	0	0	1	0	0	0	1	1	0	0	0	0	0	0	0	2	0	0	0	0	1	0	0	2	0	0	0	2	2	0	2	1	0	0	1	1	0	1	0	1	1	1	0	1	1	1	1	0	0	0	0	0	0	0	0	1	0	2	0	1	0	0	0	0	0	0	0	0	?	0	0	0	0	0	0	0	?	?	?	?	?	?	?	?	?	?	?	?	?	?	?	?	?	?	?	?	?	?	?	?	?	?	?	?	?	?	?	?	?	?	?	?	?	?	?	?	?	?	?	?	?	?
Strongylocent	1	0	0	0	0	0	0	0	0	0	0	2	1	0	0	0	0	0	0	0	0	0	0	0	1	1	1	0	1	1	1	0	0	1	2	0	1	0	1	0	0	5	1	5	0	0	1	0	0	0	0	1	1	2	0	1	0	0	2	2	2	0	0	1	4	3	0	2	0	0	0	0	0	0	2	2	0	1	1	0	0	0	0	0	0	0	0	0	0	0	0	0	0	3	0	0	0	0	0	1	0	0	0	0	0	0	0	0	1	1	0	0	0	0	0	0	0	0	0	0	0	0	2	0	?	?	0	0	0	0	0	0	1	1	0	1	0	0	1	0	0	0	2	1	0	0	0	0	0	0	0	2	0	0	0	0	1	0	0	2	0	0	0	1	2	0	2	1	0	0	1	1	0	1	0	1	1	1	1	1	1	1	1	0	0	0	0	0	0	0	0	1	0	2	0	1	0	0	0	0	0	0	0	0	?	0	0	0	0	0	0	0	?	?	?	?	?	?	?	?	?	?	?	?	?	?	?	?	?	?	?	?	?	?	?	?	?	?	?	?	?	?	?	?	?	?	?	?	?	?	?	?	?	?	?	?	?	?	?	?	?	?	?
Toxopneustes	1	0	0	0	0	0	0	0	0	0	0	2	1	0	0	0	0	0	0	0	0	0	0	0	0	1	0	1	1	1	0	0	1	2	0	1	0	1	0	0	5	1	5	0	0	1	0	0	0	0	1	2	0	1	0	0	2	2	1	0	1	1	3	1	0	2	0	0	0	0	0	0	2	2	0	1	1	0	0	0	0	0	0	0	0	0	0	0	0	0	0	3	0	0	0	0	0	1	0	0	0	0	0	0	0	0	1	1	0	0	0	0	0	0	0	0	0	0	0	0	2	0	?	?	0	0	0	0	0	0	1	1	0	1	0	0	1	0	0	0	1	1	0	0	0	0	0	0	0	2	0	0	0	0	1	2	0	2	0	0	0	1	2	0	2	1	0	0	1	1	0	1	0	1	1	1	1	1	1	1	1	0	0	0	0	0	0	0	0	1	0	2	0	1	0	0	0	0	0	0	0	0	?	0	0	0	0	0	0	0	?	?	?	?	?	?	?	?	?	?	?	?	?	?	?	?	?	?	?	?	?	?	?	?	?	?	?	?	?	?	?	?	?	?	?	?	?	?	?	?	?	?	?	?	?	?	?	?	?	?	?	?	?
Trigonocidaris	1	0	0	0	0	0	0	0	0	0	0	2	1	0	0	0	0	0	2	1	0	0	0	0	0	0	0	0	0	2	0	1	2	0	0	0	1	0	0	5	1	5	0	0	0	0	0	0	0	2	0	0	0	0	0	1	1	2	0	1	0	?	2	2	1	0	0	1	3	1	0	2	0	0	0	0	0	0	1	1	0	0	0	0	0	0	0	0	0	0	0	0	0	0	?	0	0	0	0	0	1	0	0	0	0	0	0	0	0	1	1	0	0	0	0	0	0	0	0	0	0	0	0	2	0	?	?	0	0	0	0	0	0	1	1	0	0	0	0	1	0	0	1	1	0	0	1	0	0	0	0	0	2	0	0	0	0	1	0	0	2	0	0	0	?	?	0	2	0	0	0	1	1	0	1	0	1	1	1	0	1	1	1	1	0	0	0	0	0	0	0	0	0	0	0	0	0	0	0	0	1	?	2	0	1	?	0	0	0	0	0	0	0	?	0	0	0	0	0	0	0	?	?	?	?	?	?	?	?	?	?	?	?	?	?	?	?	?	?	?	?	?	?	?	?	?	?	?	?	?	?	?	?	?	?	?	?	?
Temnopleurus	1	0	0	0	0	0	0	0	0	0	0	2	1	0	0	1	0	2	0	0	0	0	0	0	0	0	0	0	2	0	1	2	0	0	0	1	0	0	5	1	5	0	0	0	0	0	0	0	1	0	0	0	0	0	1	1	2	0	1	0	0	2	2	1	0	0	1	3	1	0	2	0	0	0	0	0	0	1	1	0	0	0	0	0	0	0	0	0	0	0	0	0	0	3	0	0	0	0	0	1	0	0	0	0	0	0	0	0	1	1	0	0	0	0	0	0	0	0	0	0	0	0	2	0	?	?	0	0	0	0	0	0	1	1	0	1	0	0	1	0	0	1	1	0	0	0	0	0	0	0	0	2	0	0	0	0	1	0	0	2	0	0	0	2	2	0	2	1	0	0	1	?	1	1	0	1	0	1	1	1	0	1	1	1	1	0	0	0	0	0	0	0	0	1	1	2	0	1	0	0	0	0	0	0	0	0	?	0	0	0	0	0	0	0	?	?	?	?	?	?	?	?	?	?	?	?	?	?	?	?	?	?	?	?	?	?	?	?	?	?	?	?	?	?	?	?	?	?	?	?	?	?	?	?	?	?	?	?	?
Zeuglopleurus	1	0	0	0	0	0	0	0	0	0	0	2	1	0	0	1	2	2	1	0	0	0	0	0	0	0	0	?	?	1	0	1	1	1	0	0	1	2	0	0	0	1	1	0	5	1	5	0	0	0	0	0	0	0	2	2	2	0	?	0	0	2	2	1	0	0	0	3	0	0	2	0	0	0	0	0	0	1	1	0	0	0	0	0	0	0	0	0	0	0	0	0	0	?	0	0	0	0	0	1	0	0	0	0	0	0	0	0	1	1	0	0	0	0	0	0	0	0	0	0	0	0	2	0	?	?	0	0	0	0	0	0	1	1	0	0	0	0	1	0	0	1	1	0	0	1	0	0	0	0	0	2	0	0	0	0	1	0	0	?	?	?	?	2	2	0	2	0	0	0	1	1	?	1	?	?	?	?	?	?	?	?	?	?	?	?	?	?	?	?	?	?	?	?	?	?	?	?	?	0	0	0	0	0	?	?	?	?	?	?	0	0	0	0	0	0	0	?	0	0	0	0	0	0	0	?	?	?	?	?	?	?	?	?	?	?	?	?	?	?	?	?	?	?	?	?	?	?	?	?	?	?	?	?	?	?	?	?	?	?	?	?	?	?	?
Glyphocyphus	1	0	0	0	0	0	0	0	0	0	0	2	1	0	0	1	0	2	1	0	0	0	0	0	0	0	0	?	?	0	0	1	2	0	0	0	1	0	0	5	1	5	0	0	0	0	0	0	0	0	0	0	0	1	0	0	0	a	1	?	?	?	0	0	2	2	1	0	0	0	3	0	0	2	0	0	0	0	0	0	1	1	0	0	0	0	0	0	0	0	0	0	0	0	0	0	?	0	0	0	0	0	1	0	0	0	0	0	0	0	0	1	1	0	0	0	0	0	0	0	0	0	0	0	0	2	0	?	?	0	0	0	0	0	0	1	1	0	0	0	0	1	0	2	1	1	0	0	1	0	0	0	0	0	2	0	0	0	0	1	0	0	?	?	?	?	2	2	0	2	0	0	0	1	1	?	?	?	?	?	?	?	?	?	?	?	?	?	?	?	?	?	?	?	?	?	?	?	?	?	?	?	0	0	0	0	0	?	?	?	?	?	?	0	0	0	0	0	0	0	?	0	0	0	0	0	0	0	?	?	?	?	?	?	?	?	?	?	?	?	?	?	?	?	?	?	?	?	?	?	?	?	?	?	?	?	?	?	?	?	?	?	?	?	?
Conulus	1	0	1	1	0	0	0	0	0	0	0	0	0	0	2	1	0	0	0	0	0	0	0	0	1	0	0	0	0	0	0	?	?	0	2	1	0	0	B	4	1	0	0	1	0	0	4	1	4	0	0	1	0	0	0	0	1	?	?	?	3	7	0	3	0	2	0	0	1	3	1	?	0	1	1	1	0	0	0	0	0	0	0	0	0	0	0	0	0	3	?	0	0	0	0	0	1	0	0	0	0	0	0	0	0	1	0	0	0	0	0	0	0	0	0	0	2	0	?	?	0	0	0	0	?	0	2	0	0	1	0	1	0	0	0	0	0	0	0	1	0	2	2	1	0	0	0	0	0	1	0	2	0	0	0	0	0	1	0	0	0	0	0	0	0	0	0	0	0	0	0	0	0	0	0	?	?	?	?	?	0	0	0	0	0	?	0	0	0	0	0	0	0	1	?	?	?	?	?	?	0	0	0	0	0	0	0	0	?	0	0	0	0	0	0	0	?	?	?	?	?	?	?	?	?	?	?	?	?	?	?	?	?	?	?	?	?	?	?	?	?	?	?	?	?	?	?	?	?	?	?	?	?	?	?	?
Galerites	1	1	0	0	0	0	0	0	0	0	0	0	2	1	0	0	0	0	0	0	0	1	1	0	0	1	1	0	2	1	0	0	2	3	1	0	0	1	0	0	4	1	4	0	0	A	0	0	0	0	1	?	?	?	3	7	0	3	0	0	0	0	0	1	1	0	0	0	0	0	0	0	0	0	0	0	0	0	0	0	?	0	0	0	0	0	1	0	0	0	0	0	0	0	0	1	0	0	0	0	0	0	0	0	0	0	2	0	?	?	0	0	0	0	2	0	2	0	0	1	0	1	1	0	0	0	0	0	0	1	0	2	2	1	0	0	0	0	0	1	0	2	0	0	0	0	0	1	0	0	0	0	0	0	0	0	0	?	0	0	0	0	0	0	1	?	0	?	?	?	?	?	?	?	?	?	?	?	?	?	?	?	0	?	0	?	1	?	?	?	?	?	?	0	0	0	0	0	0	0	0	?	0	0	0	0	0	0	0	?	?	?	?	?	?	?	?	?	?	?	?	?	?	?	?	?	?	?	?	?	?	?	?	?	?	?	?	?	?	?	?	?	?	?	?	?	?	?	?	?	?	?	?
Echinoneus	1	0	0	1	0	0	0	0	0	0	0	0	0	0	2	1	0	0	0	0	0	0	0	1	1	0	0	1	1	0	2	1	0	0	2	3	1	0	0	0	0	0	4	1	4	0	0	A	0	0	0	0	1	D	0	1	4	2	0	7	0	2	0	0	1	3	1	?	0	1	1	0	0	0	0	0	0	0	0	0	3	0	0	0	0	0	1	0	0	0	0	0	0	0	0	1	0	0	0	0	0	0	0	0	0	1	0	0	0	0	0	0	2	0	0	0	0	0	0	0	F	0	2	0	0	1	0	1	1	0	0	0	0	0	0	1	0	0	0	1	0	0	0	0	0	0	0	2	0	0	0	0	0	2	2	0	0	0	0	0	0	0	0	0	0	0	0	0	0	0	0	1	0	1	0	1	2	0	0	1	0	0	0	0	?	1	?	0	?	0	0	0	0	0	0	1	1	1	2	0	0	2	0	0	0	0	0	0	0	0	?	0	0	0	0	0	0	0	?	?	?	?	?	?	?	?	?	?	?	?	?	?	?	?	?	?	?	?	?	?	?	?	?	?	?	?	?	?	?	?	?	?	?	?	?	?	?	?	?	?	?	?	?	?	?	?	?	?	?
Neoglobator	1	0	0	0	0	0	0	0	0	0	0	2	1	0	0	0	0	0	0	0	?	?	0	0	0	0	0	0	?	?	0	2	1	0	0	2	3	1	0	0	1	0	0	4	1	4	0	0	0	0	0	0	0	1	?	?	?	3	7	0	3	0	1	0	0	1	3	1	?	0	1	1	0	0	0	0	0	0	0	0	0	0	0	0	0	0	3	?	0	0	0	0	0	1	0	0	0	0	0	0	0	0	1	?	?	0	0	0	?	?	?	?	0	0	0	0	?	?	0	0	0	0	2	0	?	?	0	?	?	?	?	0	?	0	0	?	0	1	0	0	0	0	0	0	0	1	0	2	2	1	0	0	0	0	0	1	0	2	0	0	0	0	0	1	0	0	0	0	0	0	0	0	0	?	0	0	?	?	?	?	?	?	?	?	?	?	?	?	?	?	?	?	?	?	?	?	?	?	?	?	?	?	?	?	?	?	?	?	?	?	?	0	?	0	?	1	?	?	?	?	?	?	0	0	0	0	0	0	0	0	?	0	0	0	0	0	0	0	?	?	?	?	?	?	?	?	?	?	?	?	?	?	?	?	?	?	?	?	?	?	?	?	?	?	?	?	?	?	?	?
Anorthopygus	1	0	0	0	0	0	0	0	0	0	0	2	1	0	0	0	0	0	0	0	0	0	0	0	0	0	0	0	?	?	0	2	1	0	0	0	0	1	0	0	0	0	0	4	1	4	0	0	1	0	0	0	0	1	1	0	1	1	7	0	7	0	0	0	0	3	0	1	1	0	0	0	0	0	0	0	0	0	0	0	0	0	0	0	?	0	0	0	0	0	1	0	0	0	0	0	0	0	0	1	1	?	0	0	0	0	0	0	0	0	0	0	0	2	0	?	?	0	0	0	0	0	1	1	0	0	0	0	0	0	1	0	2	2	1	0	0	0	0	0	1	0	2	0	0	0	0	2	0	0	0	0	0	1	0	0	?	?	?	?	0	0	c	0	0	0	?	1	1	?	?	?	?	?	?	?	?	?	?	?	?	?	?	?	?	?	?	?	?	?	?	?	?	?	?	?	0	?	0	?	1	?	?	?	?	?	?	0	0	0	0	0	0	0	0	?	0	0	0	0	0	0	0	?	?	?	?	?	?	?	?	?	?	?	?	?	?	?	?	?	?	?	?	?	?	?	?	?	?	?	?	?	?	?	?	?
Coenholectypus	1	0	0	0	0	0	0	0	0	0	0	2	1	0	0	0	0	0	0	0	0	0	0	0	0	0	0	0	?	?	0	2	1	0	0	0	2	1	0	0	0	0	0	5	1	5	0	0	1	0	0	0	0	1	?	?	?	3	2	0	6	0	1	0	0	0	3	0	0	1	1	0	0	0	0	0	0	0	0	0	0	0	0	0	0	0	?	0	0	0	0	0	1	0	0	0	0	0	0	0	0	1	1	?	0	0	0	0	0	0	0	0	0	0	0	2	0	0	1	0	0	0	0	0	1	0	1	0	1	0	0	0	0	0	2	2	1	0	0	1	0	0	1	0	2	0	0	0	0	2	0	0	0	0	0	1	1	0	?	?	?	?	0	0	2	0	0	0	?	1	1	?	?	?	?	?	?	?	?	?	?	?	?	?	?	?	?	?	?	?	?	?	?	?	?	?	?	?	0	?	0	?	0	?	?	?	?	?	?	1	0	0	0	0	0	0	0	?	0	0	0	0	0	0	0	?	?	?	?	?	?	?	?	?	?	?	?	?	?	?	?	?	?	?	?	?	?	?	?	?	?	?	?	?	?	?	?	?
Discoides	1	0	0	0	0	0	0	0	0	0	0	2	1	0	0	0	0	0	0	0	0	0	0	1	0	0	2	1	0	0	0	2	1	0	0	0	0	0	5	1	4	0	0	1	0	0	0	0	1	1	0	1	4	2	0	6	0	1	0	0	1	3	1	?	0	1	1	0	0	0	0	0	0	0	0	0	0	0	0	0	0	0	?	0	0	0	0	0	1	0	0	0	0	0	0	0	0	1	1	0	0	0	0	0	0	0	0	0	0	0	0	2	0	?	?	0	0	0	0	0	0	0	1	0	1	0	0	0	0	0	2	2	1	0	0	0	0	0	1	0	2	0	0	0	0	2	0	0	0	0	0	1	0	0	?	?	?	?	1	2	0	c	0	0	0	?	1	1	?	?	?	?	?	?	?	?	?	?	?	?	?	?	?	?	?	?	?	?	?	?	?	?	?	?	?	0	?	0	?	0	1	1	2	0	0	0	1	0	0	0	0	0	0	0	?	0	0	0	0	0	0	0	?	?	?	?	?	?	?	?	?	?	?	?	?	?	?	?	?	?	?	?	?	?	?	?	?	?	?	?	?	?	?	?	?	?	?	?	?	?
Holectypus	1	0	0	0	0	0	0	0	0	0	0	2	1	0	0	0	0	0	0	0	0	0	0	0	1	1	0	2	1	0	0	0	2	1	0	0	0	0	0	5	1	4	0	0	1	0	0	0	0	1	?	?	?	4	2	0	6	0	1	0	0	0	3	0	0	1	1	0	0	0	0	0	0	0	0	0	3	0	0	0	0	0	1	0	0	0	0	0	0	0	0	1	1	0	0	0	0	0	0	0	0	0	0	0	0	2	0	?	0	0	0	0	0	0	1	0	1	0	1	0	0	0	0	0	2	2	1	0	0	1	0	0	1	0	2	0	0	0	0	2	0	0	0	0	0	1	1	0	0	0	0	0	0	0	2	0	0	0	?	1	1	0	1	0	1	2	0	0	1	1	1	1	0	?	0	0	0	0	0	?	1	1	2	0	0	0	1	0	0	0	0	0	0	0	?	0	0	0	0	0	0	0	?	?	?	?	?	?	?	?	?	?	?	?	?	?	?	?	?	?	?	?	?	?	?	?	?	?	?	?	?	?	?	?	?	?	?	?	?	?	?	?	?	?	?	?	?	?	?	?	?	?	?	?	?	?	?
Pygaster	1	0	0	0	0	0	0	0	0	0	0	2	1	0	0	0	0	0	0	0	0	0	0	0	0	0	0	0	?	?	0	0	0	0	0	1	1	1	0	0	1	1	A	1	0	0	1	0	4	1	4	0	0	1	0	0	0	0	2	?	?	?	1	9	0	9	0	1	0	0	0	3	0	0	1	1	0	0	0	0	0	0	0	0	0	0	0	0	0	0	0	?	0	0	0	0	0	1	0	0	0	0	0	0	0	0	1	1	0	0	0	0	0	0	0	0	0	0	0	0	2	0	?	0	0	0	0	0	0	1	0	1	0	1	0	0	0	0	0	2	0	1	0	0	1	0	0	1	0	2	0	0	0	0	2	0	0	0	0	0	1	1	0	?	?	?	?	0	0	2	0	0	0	?	1	1	?	1	?	?	2	?	?	1	0	?	0	0	?	?	1	?	?	?	?	0	0	0	0	?	0	0	0	0	0	0	0	0	1	?	?	?	?	?	1	0	0	0	0	0	0	?	0	0	0	0	0	0	0	?	?	?	?	?	?	?	?	?	?	?	?	?	?	?	?	?	?	?	?	?	?	?	?	?	?	?	?	?	?	?	?	?
Desorella	1	0	0	1	0	0	0	0	0	0	0	0	0	0	2	1	0	0	0	0	0	0	0	0	0	0	0	0	0	0	0	?	?	0	2	2	0	1	1	0	0	1	1	0	1	0	4	1	4	0	?	0	0	0	0	0	1	?	?	?	2	9	?	7	1	4	0	0	0	3	0	0	1	1	0	0	0	0	0	0	0	?	0	0	0	0	0	0	2	?	0	0	0	0	0	1	0	0	0	0	0	0	0	?	1	0	0	0	0	0	0	0	0	0	0	0	0	0	0	0	0	0	0	2	0	?	?	0	0	0	0	3	0	2	0	0	?	?	1	0	0	0	0	0	0	0	1	0	2	2	1	0	0	0	0	0	1	0	2	0	0	0	0	1	0	3	0	0	0	0	0	0	?	?	?	?	0	0	c	0	0	0	0	?	?	?	?	?	?	?	?	?	?	?	?	?	?	?	?	0	?	0	?	1	?	?	?	?	?	?	0	0	0	0	0	0	0	0	0	0	0	0	0	0	0	0	?	?	?	?	?	?	?	?	?	?	?	?	?	?	?	?	?	?	?	?	?	?	?	?	?	?	?	?	?	?
Collyritis	1	0	0	1	0	0	0	0	0	0	0	0	0	0	2	1	0	0	0	0	0	0	0	0	0	0	0	1	1	0	2	2	1	2	2	4	0	0	0	0	0	0	4	1	4	0	0	0	0	0	0	0	1	0	0	0	0	1	?	?	?	2	9	?	3	1	4	0	0	0	3	0	0	1	0	0	1	0	0	0	0	0	?	1	0	0	0	0	0	1	?	0	0	0	0	0	1	1	0	0	0	0	0	0	0	1	0	0	0	0	0	0	0	0	0	4	1	0	0	0	0	2	0	0	0	0	2	1	2	7	0	2	0	0	1	0	1	0	0	0	0	0	0	0	1	0	2	2	1	0	0	0	0	0	1	0	2	0	0	0	0	0	0	0	0	0	1	0	0	0	0	0	?	0	0	0	0	0	0	0	0	?	?	?	?	?	?	?	?	?	?	?	?	?	?	?	0	?	0	?	1	1	1	2	0	0	0	0	0	0	0	0	0	0	0	0	0	0	0	0	0	0	0	?	?	?	?	?	?	?	?	?	?	?	?	?	?	?	?	?	?	?	?	?	?	?	?	?	?	?	?	?	?	?	?	?
Disaster	1	0	0	1	0	0	0	0	0	0	0	0	0	0	2	1	0	0	0	0	0	0	0	0	0	0	0	1	1	1	1	1	1	0	1	1	1	0	0	2	1	1	0	0	1	0	0	4	1	4	0	0	1	0	0	0	0	1	?	?	?	2	9	?	6	1	0	0	0	0	0	0	0	1	0	0	0	0	0	?	1	0	1	0	0	0	1	?	1	0	0	0	0	1	1	0	0	0	0	0	0	1	1	0	0	0	0	0	A	0	0	A	1	0	0	0	0	0	2	0	0	0	0	?	?	C	3	0	2	0	0	1	0	1	0	0	0	0	0	0	0	1	0	2	2	1	0	0	0	0	0	1	0	1	2	2	0	0	0	0	0	0	0	0	0	1	0	0	0	0	0	?	0	0	?	?	?	?	?	?	0	?	?	?	?	?	?	?	?	?	?	?	?	?	?	?	0	?	0	?	0	1	1	2	0	0	2	0	0	0	0	0	0	0	0	0	0	0	0	0	0	0	0	?	?	?	?	?	?	?	?	?	?	?	?	?	?	?	?	?	?	?	?	?	?	?	?	?	?	?	?	?	?	?	?	?	?	?
Pygorhytis	1	0	0	1	0	0	0	0	0	0	0	0	0	0	2	1	0	0	0	0	0	0	0	0	0	0	0	0	0	0	0	?	?	0	1	2	1	0	1	1	1	0	2	1	0	0	1	1	0	1	0	4	1	4	0	0	0	0	0	0	0	1	0	0	0	0	1	?	?	?	2	9	?	6	1	4	0	0	3	3	1	?	0	1	2	1	0	0	0	0	0	0	0	1	0	0	0	0	0	2	?	0	0	0	0	0	1	0	0	0	0	0	0	0	0	1	0	0	0	0	0	0	0	0	0	0	0	0	0	0	0	0	0	0	2	0	0	0	0	0	0	0	3	0	2	0	0	1	0	1	0	0	0	0	0	0	0	1	0	2	2	1	0	0	0	0	0	1	0	2	0	0	0	0	1	0	0	0	0	1	0	0	0	0	0	?	0	0	?	?	?	?	?	?	0	?	?	?	?	?	?	?	?	?	?	?	?	?	?	?	0	?	0	?	1	1	1	2	0	0	0	0	0	0	0	0	0	0	0	0	0	0	0	0	0	0	0	?	?	?	?	?	?	?	?	?	?	?	?	?	?	?	?	?	?	?	?	?	?	?	?	?
Hyboclypus	1	0	0	1	0	0	0	0	0	0	0	0	0	0	2	1	0	0	0	0	0	0	0	0	0	0	0	0	0	0	0	?	?	1	0	2	0	0	1	1	1	0	2	1	1	0	0	1	0	0	1	0	5	1	4	0	0	0	0	0	0	0	0	0	0	0	1	0	0	0	a	1	?	?	?	1	9	?	7	1	4	0	0	3	3	1	?	0	1	2	1	0	0	0	0	0	0	0	0	0	0	0	0	0	2	?	0	0	0	0	0	1	0	0	0	0	0	0	0	0	1	?	?	0	0	0	?	?	?	?	0	0	0	0	0	?	0	0	0	0	2	0	?	?	0	?	?	?	?	0	?	0	0	1	0	1	0	0	0	0	0	0	0	1	0	2	2	1	0	0	0	0	0	0	0	2	0	0	0	0	1	0	0	0	0	1	0	0	0	0	0	?	0	0	?	?	?	?	?	?	0	?	?	?	?	?	?	?	?	?	?	?	?	?	?	?	0	?	0	?	1	1	1	2	0	0	0	0	0	0	0	0	0	0	0	0	0	0	0	0	0	0	0	?	?	?	?	?	?	?	?	?	?	?	?	?	?	?	?	?	?	?	?
Tithonia	1	0	0	1	0	1	0	0	0	0	0	0	0	0	2	1	0	0	0	0	0	0	0	0	0	0	0	0	0	0	0	?	?	0	2	2	1	2	?	4	0	0	0	1	0	0	2	1	4	0	0	0	0	1	0	0	1	0	0	0	0	1	?	?	?	2	9	0	3	1	0	0	0	0	3	0	0	0	0	0	0	0	0	?	0	0	0	0	0	?	1	0	?	0	0	0	1	?	0	1	1	0	0	1	1	0	0	0	0	0	1	1	0	0	0	0	0	0	0	0	0	4	1	0	0	0	0	2	0	?	?	0	0	2	2	5	0	2	0	0	1	0	1	0	0	0	0	0	0	0	1	0	2	2	1	0	0	0	0	0	1	0	1	2	2	0	0	0	0	0	0	0	0	0	1	1	0	0	0	0	?	0	0	?	?	?	?	?	?	0	?	?	?	?	?	?	?	?	?	?	?	?	?	?	?	0	?	?	?	?	?	?	?	?	?	?	0	0	0	0	0	0	0	0	0	0	0	0	0	0	0	0	?	?	?	?	?	?	?	?	?	?	?	?	?	?	?	?	?	?	?
Acrolusia	1	0	0	1	0	1	0	0	0	0	0	0	0	0	2	1	0	0	0	0	0	0	0	0	0	0	0	0	0	0	0	?	?	0	2	2	1	0	2	4	1	0	?	?	?	0	0	4	1	4	0	0	0	0	0	0	0	0	0	0	0	0	0	0	0	0	?	?	?	?	2	?	?	?	1	?	0	0	?	0	0	0	0	?	0	0	0	0	0	0	0	1	0	?	0	0	0	?	?	?	?	0	?	0	0	0	?	?	?	?	?	?	?	?	?	0	0	?	1	0	1	0	0	0	0	0	0	0	0	1	0	?	1	?	?	?	?	?	?	?	?	?	?	?	?	?	?	?	?	?	?	?	?	0	?	?	?	?	?	?	?	0	?	0	?	?	?	?	1	0	0	0	0	0	0	0	1	0	2	2	1	0	0	?	?	0	1	?	?	?	2	0	?	0	?	?	?	?	0	?	?	?	?	?	?	?	?	?	?	?	?	?	?	?	?	?	?	?	?	?	?	?	?	?	?	?	?	?	?	?	?	?	?	0	?	0	?	0	?	?	?	?	?	?	0	0	0	0	0	0	0	0	0	0	0	0	0	0	?	?	?	?	?	?
Pseudholaster	1	0	0	1	0	2	0	0	0	0	0	0	0	0	2	1	0	0	0	0	0	0	0	0	0	0	0	0	0	0	0	?	?	0	2	2	0	2	2	4	0	0	0	1	0	0	4	1	4	0	0	0	0	0	0	0	0	0	0	0	1	0	0	0	a	1	?	?	?	2	7	?	4	1	0	0	0	0	0	0	1	0	0	0	0	1	0	0	2	1	0	0	0	0	0	?	1	0	0	0	0	0	1	?	1	1	0	1	0	1	1	0	0	0	0	0	0	0	1	0	1	1	0	0	0	0	0	0	0	0	0	4	1	0	0	0	0	2	0	0	0	0	2	1	2	4	0	2	0	0	1	0	1	0	0	0	0	0	0	0	1	0	2	2	1	0	0	0	0	0	1	0	1	0	2	0	0	0	0	0	0	1	0	0	1	0	0	0	0	0	?	0	0	0	0	0	0	0	0	?	?	?	?	?	?	?	?	?	?	?	?	?	?	?	0	?	0	?	0	1	0	?	?	0	?	0	0	0	0	0	0	0	0	0	0	0	0	0	0	0	0	?	?	?	?	?	?	?	?	?	?	?	?	?	?	?	?
Hemipneustes	1	0	1	1	0	2	0	0	0	0	0	0	0	0	2	1	0	0	0	0	0	0	0	0	0	0	0	1	1	0	2	2	0	2	2	4	0	0	0	1	0	0	4	1	4	0	0	0	0	0	1	0	0	0	0	0	1	0	0	0	a	1	1	2	6	1	5	1	0	0	0	0	0	0	1	0	0	0	0	1	0	0	2	1	0	0	0	0	0	?	1	0	0	0	0	0	1	?	1	1	0	1	0	1	0	0	0	0	0	0	0	3	1	0	1	1	0	0	0	0	0	0	0	0	0	1	0	0	2	1	0	1	0	0	2	0	0	2	1	1	3	0	1	0	0	1	0	1	0	0	0	0	0	0	0	1	0	2	?	1	0	0	0	0	0	1	0	1	0	2	0	0	0	0	0	0	1	1	0	1	1	0	0	0	0	0	0	0	0	0	0	0	?	?	0	?	?	?	?	?	0	0	0	0	0	?	0	0	0	0	?	0	?	0	?	?	?	?	?	?	0	0	0	0	0	0	0	0	0	0	0	0	0	0	0	0	?	?	?	?	?	?	?	?	?	?	?	?	?	?	?	?	?	?
Cardiaster	1	0	0	1	0	2	0	0	0	0	0	0	0	0	2	1	0	0	0	0	0	0	0	0	0	0	0	0	0	0	0	?	?	0	2	2	0	2	2	4	0	0	0	0	0	0	4	1	4	0	0	0	0	0	0	0	0	0	0	0	1	0	0	0	a	1	?	?	?	2	6	1	3	1	0	0	0	0	0	0	1	0	0	0	0	1	0	0	0	1	0	0	0	0	0	?	1	0	0	0	0	0	0	?	1	1	1	1	0	1	1	0	0	0	0	0	0	1	0	0	1	1	0	0	0	0	0	1	1	1	1	1	0	0	1	0	0	0	0	0	2	0	0	1	1	1	3	0	1	0	0	1	0	1	0	0	0	0	0	0	0	1	0	2	2	1	0	0	0	0	0	1	0	1	0	2	0	0	0	0	0	0	1	A	0	1	1	0	0	0	0	0	0	0	0	0	0	0	?	?	0	?	?	?	?	?	0	0	0	0	0	?	0	0	0	0	?	0	?	0	?	?	?	?	?	?	0	1	0	0	0	0	1	0	1	1	0	0	0	1	0	?	?	?	?	?	?	?	?	?	?	?	?	?	?
Cardiotaxis	1	0	0	1	0	2	0	0	0	0	0	0	0	0	2	1	0	0	0	0	0	0	0	0	0	0	0	0	0	0	0	?	?	0	2	2	0	2	2	4	0	0	0	0	0	0	4	1	4	0	0	0	0	0	0	0	0	0	0	0	1	0	0	0	a	1	?	?	?	2	7	1	3	1	0	0	0	0	0	0	1	0	0	0	0	1	0	0	0	1	0	0	0	0	0	?	1	0	0	0	0	0	0	?	1	1	1	1	0	1	1	0	0	0	0	0	0	1	0	0	1	1	0	0	0	0	0	1	1	1	1	1	2	2	0	1	0	0	1	0	0	2	0	0	1	1	1	3	0	2	0	0	1	0	1	0	0	0	0	0	0	0	1	0	2	2	1	0	0	0	0	0	1	0	1	0	2	0	0	0	0	0	0	1	0	0	1	2	0	0	0	0	?	0	0	0	0	0	0	?	?	0	?	?	?	?	?	0	0	0	0	0	?	0	0	0	0	?	0	?	0	?	?	?	?	?	?	0	1	0	0	0	0	1	0	1	1	0	0	0	1	0	?	?	?	?	?	?	?	?	?	?	?	?	?
Holaster	1	0	0	1	0	2	0	0	0	0	0	0	0	0	2	1	0	0	0	0	0	0	0	0	0	0	0	1	1	0	2	2	0	2	2	4	0	0	0	1	0	0	4	1	4	0	0	0	0	0	0	0	0	0	0	0	1	0	0	0	a	1	?	?	?	2	7	1	3	1	0	0	0	0	0	0	1	0	0	0	0	1	0	0	2	1	0	0	0	0	0	?	1	0	0	0	0	0	1	?	1	1	0	1	0	1	0	0	0	0	0	0	0	1	0	0	1	1	0	0	0	0	0	1	1	0	1	2	0	1	0	0	0	0	0	2	0	0	2	1	2	5	0	2	0	0	1	0	1	0	0	0	0	0	0	0	1	0	2	2	1	0	0	0	0	0	1	0	1	0	2	0	0	0	0	0	0	1	0	0	1	0	0	0	0	0	?	0	0	0	0	0	0	0	0	?	?	?	?	?	0	0	0	0	0	?	0	0	0	0	?	0	?	0	?	?	?	?	?	?	0	0	0	0	0	0	0	0	0	0	0	0	0	0	0	0	?	?	?	?	?	?	?	?	?	?	?	?	?	?	?	?	?	?
Echinocorys	1	0	1	1	0	0	0	0	0	0	0	0	0	0	2	1	0	0	0	0	0	0	0	0	0	0	0	1	1	0	2	2	0	B	2	4	A	0	0	1	0	0	4	1	4	0	0	0	0	0	0	0	0	0	0	0	1	0	0	0	a	1	?	?	?	3	6	1	3	1	0	0	0	0	0	0	1	0	0	0	0	1	0	0	2	1	0	0	0	0	0	?	1	0	0	0	0	0	1	?	0	0	0	1	0	1	0	0	0	0	0	0	0	0	0	0	1	1	0	0	0	0	0	1	1	1	1	2	0	1	0	0	0	0	0	2	0	0	0	0	1	1	2	4	0	2	0	0	1	0	1	0	0	0	0	0	0	0	1	0	2	2	1	0	0	0	0	0	1	0	1	0	2	0	0	0	0	0	0	1	0	0	1	0	0	0	0	0	0	0	0	0	0	0	0	0	0	?	?	?	?	?	0	0	0	0	0	?	1	0	2	0	0	2	0	0	0	0	0	0	0	0	0	0	0	0	0	0	0	0	?	?	?	?	?	?	?	?	?	?	?	?	?	?	?	?	?	?	?	?	?	?	?	?	?	?
Stenonaster	1	0	1	1	0	0	0	0	0	0	0	0	0	0	2	1	0	0	0	0	0	0	0	0	0	0	0	0	0	0	0	?	?	0	2	1	0	0	2	4	0	0	0	1	0	0	4	1	4	0	0	0	0	0	0	0	0	0	0	0	0	0	0	0	a	1	?	?	?	3	5	?	3	1	0	0	0	0	0	0	1	0	0	0	0	1	0	0	2	1	0	0	0	0	0	?	1	0	0	0	0	0	1	?	0	0	0	1	0	0	0	0	0	0	0	0	0	0	0	1	1	0	0	0	0	0	0	0	0	1	1	0	0	0	0	0	2	0	?	?	0	2	1	2	5	0	2	0	?	?	0	1	0	0	0	0	0	0	0	1	0	2	2	1	0	0	0	0	0	?	0	1	0	2	0	0	0	0	0	0	1	0	0	1	0	0	0	0	0	?	0	0	?	?	?	?	?	?	0	?	?	?	?	?	?	?	?	?	?	?	?	?	?	?	0	?	?	?	?	?	?	?	?	?	?	0	0	0	0	0	0	0	0	0	0	0	0	0	0	0	0	?	?	?	?	?	?	?	?	?	?	?	?	?	?	?
Stegaster	1	0	1	1	0	2	0	0	0	0	0	0	0	0	2	1	0	0	0	0	0	0	0	0	0	0	0	0	0	0	0	?	?	0	2	2	0	2	2	4	0	0	0	1	0	0	4	1	4	0	0	0	0	0	0	0	0	0	0	0	1	0	0	0	a	1	?	?	?	2	7	?	3	1	0	0	0	0	0	0	1	0	0	0	0	1	0	0	0	1	0	0	0	0	0	?	?	0	0	0	0	0	0	?	1	1	1	1	0	1	0	0	0	0	0	0	0	0	0	1	1	0	0	0	0	0	1	1	1	1	2	0	1	0	0	0	0	0	2	0	?	?	0	1	0	1	3	0	2	0	?	?	0	1	0	0	0	0	0	0	0	1	0	2	?	1	0	0	0	0	0	?	0	1	2	2	0	0	0	0	0	0	0	0	0	1	1	0	0	0	0	?	0	0	?	?	?	?	?	?	0	?	?	?	?	?	?	?	?	?	?	?	?	?	?	?	0	?	0	?	?	?	?	?	?	?	?	0	1	0	0	0	0	1	0	1	1	1	0	0	1	0	?	?	?	?	?	?	?	?	?	?	?	?	?	?	?
Calymne	1	0	0	1	0	0	0	0	0	0	0	0	0	0	2	1	0	0	0	0	0	0	0	0	0	0	0	0	0	0	0	?	?	0	2	2	0	2	2	4	0	0	0	0	0	0	4	1	1	0	?	0	0	0	0	0	1	0	0	0	0	1	1	2	7	1	3	1	0	0	0	0	0	0	3	0	1	0	0	1	0	0	0	0	0	0	0	0	0	1	1	0	0	0	0	0	0	0	0	1	0	0	0	0	0	0	0	1	1	0	0	A	0	0	1	1	0	1	1	0	2	0	1	0	0	0	1	0	2	0	0	1	0	1	3	0	1	0	0	1	0	1	0	0	0	0	0	0	0	1	0	2	2	1	0	0	0	0	0	0	0	1	1	2	0	0	0	0	0	0	0	0	0	1	1	0	0	0	0	0	0	0	0	0	0	0	0	0	0	?	0	0	1	0	0	0	0	0	?	1	0	0	0	1	0	2	0	0	2	0	1	0	0	0	0	0	0	1	0	1	?	1	0	0	1	0	?	?	?	?	?	?	?	?	?	?	?	?	?	?	?	?	?	?	?	?	?	?
Corystus	1	0	0	1	0	0	0	0	0	0	0	0	0	0	2	1	0	0	0	0	0	0	0	0	0	0	0	0	0	0	0	?	?	0	2	2	0	2	2	4	0	0	0	2	0	0	4	1	4	0	0	0	0	0	0	0	1	0	0	0	0	1	1	2	6	1	3	1	0	0	0	0	0	0	1	0	0	0	0	1	0	0	2	1	0	0	0	0	0	1	1	0	0	1	0	0	0	1	0	0	1	0	1	0	0	0	0	0	0	0	0	0	0	1	1	0	0	0	0	0	0	0	0	1	1	0	2	0	1	0	0	1	1	0	2	0	0	0	0	2	1	1	4	0	1	0	0	1	0	1	0	0	0	0	0	0	0	1	0	2	2	1	0	0	0	0	0	1	0	1	0	2	0	0	0	0	0	0	1	0	0	1	0	0	0	0	0	0	0	0	0	0	0	0	0	0	0	?	?	0	?	0	0	0	0	0	0	1	1	2	0	0	3	0	1	0	0	0	0	0	0	0	0	0	0	0	0	0	1	1	1	2	0	?	?	?	?	?	?	?	?	?	?	?	?	?	?	?	?	?	?	?	?	?	?	?	?	?	?
Plexechinus	1	0	0	1	0	1	1	0	0	0	0	0	0	0	2	1	0	0	0	0	0	0	0	0	0	0	0	0	0	0	0	?	?	1	2	2	1	2	2	4	0	0	0	2	0	0	3	1	1	0	0	0	0	1	1	1	6	1	3	1	0	0	0	0	0	0	3	0	1	0	0	1	0	0	0	0	0	0	0	0	0	1	1	0	0	0	0	0	0	0	0	0	0	0	1	0	0	0	0	0	1	0	0	0	0	1	1	1	1	1	1	0	2	0	1	0	0	1	0	2	0	0	1	1	1	3	0	1	0	1	0	0	1	0	0	0	0	0	0	0	1	0	2	2	1	0	0	0	0	0	1	0	1	1	2	0	0	0	0	0	0	0	0	0	1	0	0	0	0	0	0	0	0	0	0	0	0	0	0	0	?	1	0	0	0	0	0	0	0	0	0	0	0	0	0	0	?	0	1	0	1	0	0	2	0	1	0	0	0	0	0	0	0	0	0	0	0	0	0	1	0	1	2	0	?	?	?	?	?	?	?	?	?	?	?	?	?	?	?	?	?	?	?	?	?	?	?	?	?	?	?
Pourtalesia	1	0	0	1	0	1	1	0	0	0	0	0	0	0	2	1	0	0	0	0	0	0	0	0	0	0	0	0	0	0	0	?	?	1	2	2	1	2	2	3	0	0	0	2	0	0	4	1	4	0	0	0	0	1	?	0	1	0	0	0	0	1	1	1	7	1	3	1	0	0	0	0	0	0	3	0	1	0	0	1	0	0	0	0	0	0	0	0	0	0	1	0	0	0	0	0	0	0	1	1	0	0	1	0	0	0	0	0	1	0	0	0	0	2	?	?	?	?	1	?	2	?	?	?	?	0	?	?	1	0	0	?	?	?	?	0	0	0	1	0	0	1	0	0	0	0	0	0	0	1	0	2	2	1	0	0	0	0	0	1	0	1	1	2	0	0	0	0	0	0	0	0	0	1	2	0	0	0	0	?	0	0	0	0	0	0	0	0	?	?	0	0	1	0	0	0	0	0	0	1	0	1	0	0	2	0	1	0	0	0	0	0	0	0	0	0	0	0	0	0	1	1	1	2	0	?	?	?	?	?	?	?	?	?	?	?	?	?	?	?	?	?	?	?	?	?	?	?	?	?	?	?
Urechinus	1	0	0	1	0	0	0	0	0	0	0	0	0	0	2	1	0	0	0	0	0	0	0	0	0	0	0	0	0	0	0	?	?	0	2	2	0	2	2	4	0	0	0	1	0	0	4	1	3	0	0	0	0	0	0	0	1	0	0	0	0	1	1	3	5	1	4	1	0	0	0	0	0	0	1	0	0	1	0	0	0	0	0	0	0	0	0	1	1	0	0	0	0	0	0	0	0	0	0	0	0	0	0	0	0	0	1	0	0	0	0	0	1	1	1	1	1	0	2	0	1	0	0	0	1	0	2	0	0	1	1	1	3	0	1	0	0	1	0	1	0	0	0	0	0	0	0	1	0	2	2	1	0	0	0	0	0	1	0	1	0	2	0	0	0	0	0	0	0	0	0	1	0	0	0	0	0	0	0	0	0	0	0	0	0	0	?	?	0	0	1	0	0	0	0	0	0	0	0	0	0	0	0	0	0	?	?	?	?	?	?	0	0	0	0	0	0	0	0	0	0	0	0	0	0	0	0	?	?	?	?	?	?	?	?	?	?	?	?	?	?	?	?	?	?	?	?	?
Aeropsis	1	0	0	1	0	0	0	0	0	0	0	0	0	0	2	1	0	0	0	0	0	0	0	0	0	0	0	0	0	0	0	?	?	1	2	1	0	0	0	4	1	0	0	1	0	0	R	1	2	0	0	0	0	0	0	0	1	0	0	1	1	6	?	2	1	0	0	0	0	0	0	3	0	1	0	0	1	0	0	0	1	0	0	0	0	0	1	1	0	0	0	0	0	0	2	1	0	0	0	1	0	0	0	0	0	0	0	1	1	0	0	0	0	0	0	0	0	0	1	1	3	0	0	0	0	0	1	0	0	1	0	0	0	1	4	0	2	0	1	0	1	0	1	0	0	0	0	0	0	0	1	0	2	1	1	0	0	0	0	0	0	0	1	0	2	0	0	0	0	0	0	4	0	0	1	0	0	0	0	0	0	0	0	0	0	0	0	0	?	0	0	?	0	0	1	0	0	0	0	0	?	0	0	0	0	0	0	0	0	?	?	?	?	?	?	0	1	2	0	0	1	0	0	0	0	0	?	1	0	0	0	0	?	?	?	?	?	?	?	?	?	?	?	?	?	?	?	?	?	?	?	?	?	?
Coraster	1	0	0	1	0	A	0	0	0	0	0	0	0	0	2	1	0	0	0	0	0	0	0	0	0	0	0	0	0	0	0	?	?	1	2	1	0	0	0	4	1	0	0	1	0	0	4	1	4	0	0	0	0	0	0	0	0	0	0	0	0	0	0	0	a	1	?	?	?	1	6	?	2	1	0	0	0	0	0	0	3	0	0	0	0	1	0	0	0	1	0	0	0	0	0	?	1	0	1	0	0	0	0	?	1	1	0	0	0	1	0	0	0	0	0	0	0	1	1	0	0	0	0	0	0	0	0	0	1	1	3	0	0	0	0	0	1	0	0	0	0	1	1	1	4	0	2	0	0	0	1	0	1	0	0	0	0	0	0	0	1	0	2	2	1	0	0	0	0	0	0	0	1	0	2	0	0	0	0	0	0	1	1	0	1	2	0	0	0	0	?	0	0	?	?	?	?	?	?	0	?	?	?	?	?	?	?	?	?	?	?	?	?	?	?	0	?	0	?	0	?	?	?	?	?	?	0	1	2	1	0	1	0	0	0	0	0	?	1	0	0	0	0	?	?	?	?	?	?	?	?	?	?	?	?	?
Paleopneustes	1	0	0	1	0	0	0	0	0	0	0	0	0	0	2	1	0	0	0	0	0	0	0	0	0	0	0	1	1	0	2	1	0	0	0	0	1	0	0	1	0	0	4	1	3	0	0	1	0	0	0	0	1	1	2	5	1	4	1	0	0	0	0	0	0	1	0	1	0	0	1	0	0	2	1	0	0	0	0	0	1	1	0	0	0	0	0	1	1	0	0	1	0	0	0	0	1	0	0	0	1	0	0	0	1	1	0	0	0	0	0	1	0	0	0	1	1	1	0	1	0	0	0	1	0	0	?	0	2	2	2	6	0	1	0	1	0	0	0	0	0	0	0	1	0	2	2	1	0	0	0	0	0	0	0	1	0	1	0	0	0	0	0	0	1	1	0	1	1	0	0	0	0	0	0	0	0	0	0	0	1	0	0	?	1	0	1	0	0	0	0	0	0	1	0	2	0	1	2	0	1	0	1	0	0	1	0	1	1	0	1	0	?	?	?	?	?	?	?	?	?	?	?	?	?	?	?	?	?	?	?	?	?	?	?	?	?	?	?	?	?	?	?	?	?	?	?	?	?	?	?	?	?	?	?	?	?
Micraster	1	0	0	1	0	2	0	0	0	0	0	0	0	0	2	1	0	0	0	0	0	0	0	0	0	0	0	1	1	0	2	1	0	0	0	4	1	0	0	1	0	0	4	1	4	0	0	1	0	0	0	0	0	0	0	0	0	0	0	0	a	1	?	?	?	2	7	1	F	1	0	0	0	0	0	0	1	0	0	0	0	1	0	0	2	1	0	0	0	0	0	?	1	0	1	0	0	0	1	?	b	2	0	1	0	0	0	0	0	0	1	0	1	1	0	0	1	1	0	0	0	0	0	0	0	0	0	1	1	3	0	0	0	0	0	2	0	0	0	0	2	1	1	5	0	1	0	0	0	1	0	1	0	0	0	0	0	0	0	1	0	2	2	1	0	0	0	0	0	1	0	1	1	0	0	0	0	0	0	0	1	1	0	1	2	0	0	0	0	0	0	0	0	0	0	0	0	0	?	?	0	0	1	0	0	0	0	0	?	0	0	?	0	0	0	0	0	1	1	2	0	0	2	0	1	0	0	0	0	0	0	0	0	0	0	0	0	0	1	0	0	0	0	?	?	?	?	?	?	?	?	?	?	?	?	?	?	?	?	?	?
Plesiaster	1	0	0	1	0	2	0	0	0	0	0	0	0	0	2	1	0	0	0	0	0	0	0	0	0	0	0	0	0	0	0	?	?	0	2	1	0	0	0	4	1	0	0	1	0	0	4	1	4	0	0	0	0	0	0	0	0	0	0	0	0	0	0	0	a	1	?	?	?	2	7	?	F	1	0	0	0	0	0	0	1	0	0	0	0	1	0	0	2	1	0	0	0	0	0	?	1	0	1	0	0	0	1	?	b	2	0	1	0	0	0	0	?	0	1	0	1	1	0	0	1	1	0	0	0	0	0	0	0	0	0	3	1	0	0	0	0	2	0	0	0	0	2	1	1	5	0	1	0	0	0	1	0	1	0	0	0	0	0	0	0	1	0	2	2	1	0	0	0	0	0	1	0	1	1	0	0	0	0	0	0	0	1	1	0	1	1	0	0	0	0	?	0	0	?	?	?	?	?	?	0	?	?	?	?	?	?	?	?	?	?	?	?	?	?	?	0	?	?	?	?	?	?	?	?	?	?	0	1	0	0	0	0	0	0	0	0	0	0	0	0	0	1	0	0	0	0	?	?	?	?	?	?	?	?	?	?	?	?	?	?	?
Cyclaster	1	0	0	0	0	2	0	0	0	0	0	0	0	0	2	1	0	0	0	0	0	0	0	0	0	0	0	0	0	0	0	?	?	0	2	1	0	0	2	4	1	0	0	1	0	0	4	1	3	0	1	0	0	0	0	0	1	1	2	6	1	2	1	0	0	0	0	0	0	1	0	0	0	0	1	0	0	2	1	0	0	0	0	0	1	1	0	1	0	0	0	1	2	2	0	1	0	0	0	0	0	0	1	0	1	1	0	0	1	1	0	0	0	0	0	0	0	0	0	1	1	3	0	0	0	0	0	2	0	0	0	0	2	2	1	5	0	1	0	0	0	1	0	1	0	0	0	0	0	0	0	1	0	2	2	1	0	0	0	0	0	1	0	1	1	0	0	0	0	0	0	0	1	1	0	1	1	0	0	0	0	0	0	0	0	0	0	0	0	0	?	?	?	0	?	0	0	0	0	0	0	1	1	2	0	0	2	0	1	B	A	A	0	0	0	0	0	0	0	0	A	0	0	1	0	0	0	0	?	?	?	?	?	?	?	?	?	?	?	?	?	?	?	?	?	?	?	?	?	?	?	?	?	?	?	?	?	?	?	?	?
Palaeostoma	1	0	0	0	0	1	0	0	0	0	0	0	0	0	2	1	0	0	0	0	0	0	0	0	0	0	0	0	0	0	0	?	?	0	2	1	0	0	0	0	1	0	0	1	0	0	4	1	2	0	0	1	0	0	0	0	1	1	2	6	1	3	1	0	0	0	0	0	0	1	0	1	0	0	1	0	0	0	1	0	0	0	0	0	1	1	0	1	0	0	0	0	2	0	0	1	0	0	1	0	0	0	1	0	1	1	0	0	1	1	0	0	1	0	0	1	1	1	0	0	0	0	0	3	0	1	0	0	0	0	0	?	0	1	0	1	3	0	1	0	0	0	1	0	1	0	0	0	0	0	0	0	1	0	2	2	1	0	0	0	0	0	0	0	1	0	0	0	0	0	0	0	0	0	0	0	1	0	0	0	3	0	0	0	0	0	0	0	0	1	0	0	?	0	0	1	0	0	0	0	0	?	1	0	0	1	0	2	0	0	2	0	1	2	1	0	1	0	0	?	?	?	?	?	?	?	?	?	?	?	?	?	?	?	?	?	?	?	?	?	?	?	?	?	?	?	?	?	?	?	?	?	?	?	?	?
Pericosmus	1	0	0	1	0	2	0	0	0	0	0	0	0	0	2	1	0	0	0	0	0	0	0	0	0	0	0	1	1	0	2	1	0	0	0	0	1	0	0	2	0	0	4	1	3	0	0	1	0	0	0	0	1	1	2	5	1	4	1	0	0	0	0	0	0	1	0	1	0	0	1	0	0	2	1	0	0	0	0	0	1	1	0	1	0	0	0	1	C	2	0	1	1	0	0	0	1	0	1	0	1	0	0	0	1	1	0	0	0	0	0	A	0	0	0	1	1	1	0	1	0	0	0	1	0	0	0	0	2	1	1	5	0	1	0	1	0	0	0	0	0	0	0	1	0	2	2	1	0	0	0	0	0	0	0	1	0	1	0	0	0	0	0	0	1	1	0	1	1	0	0	0	0	0	0	0	0	0	0	0	1	0	0	?	0	0	1	0	0	0	0	0	?	1	0	0	1	0	2	0	1	2	1	1	0	1	0	0	1	0	1	1	0	1	0	?	?	?	?	?	?	?	?	?	?	?	?	?	?	?	?	?	?	?	?	?	?	?	?	?	?	?	?	?	?	?	?	?	?	?	?	?	?	?	?	?	?
Macropneustes	1	0	0	1	0	2	0	0	0	0	0	0	0	0	2	1	0	0	0	0	0	0	0	0	0	0	0	0	0	0	0	?	?	0	2	1	0	0	0	0	1	0	0	0	0	0	4	1	4	0	0	1	0	0	0	0	0	0	0	0	0	0	0	0	a	1	?	?	?	2	5	?	4	1	0	0	0	0	0	0	1	0	1	0	0	1	0	0	2	1	0	0	0	0	0	?	1	0	1	1	0	0	1	?	1	1	0	1	1	0	0	0	0	0	1	0	1	0	0	0	1	1	0	0	0	0	0	0	0	0	0	1	1	3	0	1	0	0	0	2	2	1	5	0	1	0	1	0	1	0	1	0	0	0	1	0	2	2	1	0	0	0	0	1	0	0	0	0	1	2	2	0	0	0	0	0	0	1	1	0	1	1	0	0	0	0	?	0	0	?	?	?	?	?	?	0	?	?	?	?	?	?	?	?	?	?	?	?	?	?	?	0	?	?	?	?	?	?	?	?	?	?	0	1	2	0	1	0	1	0	0	1	1	1	1	0	?	?	?	?	?	?	?	?	?	?	?	?	?	?	?	?	?	?	?	?	?	?	?	?	?	?	?	?	?
Unifascia	1	0	0	1	0	1	0	0	0	0	0	0	0	0	2	1	0	0	0	0	0	0	0	0	0	0	0	0	0	0	0	?	?	1	2	1	0	0	0	0	1	0	0	0	0	0	4	1	4	0	0	1	0	0	0	0	0	0	0	0	0	0	0	0	a	1	?	?	?	2	5	?	4	1	0	0	0	0	0	0	1	0	1	0	0	1	0	0	2	1	0	0	0	0	0	?	1	0	1	0	0	0	1	?	1	1	0	1	0	0	0	1	0	0	1	0	1	0	0	0	1	1	0	0	0	0	0	0	0	0	0	1	1	1	0	0	0	0	0	?	0	?	?	0	2	1	0	6	0	1	0	0	0	1	0	0	0	0	0	0	0	1	0	2	2	1	0	0	0	0	0	0	0	1	0	0	0	0	0	0	0	0	1	1	0	1	1	0	0	0	0	?	0	0	?	?	?	?	?	?	0	?	?	?	?	?	?	?	?	?	?	?	?	?	?	?	0	?	?	?	?	?	?	?	?	?	?	0	1	2	1	0	0	1	0	0	0	0	1	1	0	0	0	0	?	?	?	?	?	?	?	?	?	?	?	?	?	?	?
Schizaster	1	0	0	0	0	2	0	0	0	0	0	0	0	0	2	1	0	0	0	0	0	0	0	0	0	0	0	1	1	2	2	1	0	0	0	0	1	0	0	0	0	0	4	1	4	0	0	1	0	0	0	0	1	1	2	5	1	4	1	0	0	0	0	0	0	1	0	1	0	0	1	0	0	2	1	0	0	0	0	0	1	1	0	1	0	0	0	1	2	2	0	1	0	0	1	0	0	0	1	0	1	1	0	0	1	1	0	0	0	0	0	0	0	0	0	1	1	1	0	0	0	0	0	1	0	0	0	0	2	1	0	6	0	1	0	0	0	1	0	0	0	0	0	0	0	1	0	2	2	1	0	0	0	0	0	0	0	1	2	0	0	0	1	0	0	0	1	1	0	1	1	0	0	0	0	0	0	0	0	0	0	0	1	0	0	?	0	0	1	0	0	0	0	0	?	1	1	0	0	1	0	2	0	1	2	1	0	1	1	1	0	1	0	0	1	0	?	?	?	?	?	?	?	?	?	?	?	?	?	?	?	?	?	?	?	?	?	?	?	?	?	?	?	?	?	?	?	?	?	?	?	?	?	?	?	?	?
Hemiaster	1	0	0	0	0	1	0	0	0	0	0	0	0	0	2	1	0	0	0	0	0	0	0	0	0	0	0	1	1	0	2	1	0	0	2	4	1	0	0	1	0	0	4	1	4	0	0	0	0	0	0	0	0	0	0	0	0	0	0	0	a	1	0	0	1	2	6	?	2	1	0	0	0	0	0	0	1	0	0	0	0	1	0	0	2	1	0	0	0	0	0	1	1	0	1	0	0	0	1	2	2	0	1	0	0	1	0	0	0	1	0	1	1	0	0	1	1	0	0	0	0	0	0	0	0	0	4	1	0	0	0	0	1	0	0	0	0	2	2	2	6	0	1	0	0	0	1	0	1	0	0	0	0	0	0	0	1	0	2	2	1	0	0	0	0	0	0	0	1	0	1	0	0	0	0	0	0	1	1	0	1	1	0	0	0	0	0	0	0	0	0	0	0	0	0	?	?	0	0	?	0	0	0	0	0	?	0	0	0	0	?	1	0	0	?	?	?	?	?	?	0	1	2	1	1	0	1	0	0	0	?	?	?	?	?	?	?	?	?	?	?	?	?	?	?	?	?	?	?	?	?	?	?	?	?	?	?
Toxaster	1	0	0	1	0	2	0	0	0	0	0	0	0	0	2	1	0	0	0	0	0	0	0	0	0	0	0	1	1	0	2	1	0	0	2	4	1	0	0	0	0	0	4	1	4	0	0	0	0	0	0	0	0	0	0	0	0	0	0	0	a	1	?	?	?	2	6	?	3	1	0	0	0	0	0	0	1	0	0	0	0	1	0	0	2	1	0	0	0	0	0	?	1	0	0	0	0	0	1	?	0	1	0	1	0	0	1	0	0	0	0	0	0	1	0	0	1	1	0	0	0	0	0	0	0	0	0	4	1	0	0	0	0	2	0	0	0	0	2	1	2	6	0	1	0	0	0	1	0	1	0	0	0	0	0	0	0	1	0	2	2	1	0	0	0	0	0	1	0	1	0	2	0	0	0	0	0	0	0	0	0	1	0	0	0	0	0	?	0	0	?	?	?	?	?	?	0	?	?	0	0	?	0	0	0	0	0	?	0	0	0	0	0	?	0	0	?	?	?	?	?	?	0	0	0	0	0	0	0	0	0	0	0	0	0	0	0	0	?	?	?	?	?	?	?	?	?	?	?	?	?	?	?	?	?	?	?
Brisaster	1	0	0	0	0	2	0	0	0	0	0	0	0	0	2	1	0	0	0	0	0	0	0	0	0	0	0	0	0	0	0	?	?	0	2	1	0	0	0	0	1	0	0	0	0	0	4	1	3	0	0	1	0	0	0	0	1	1	2	5	1	4	1	0	0	0	0	0	0	1	0	1	0	0	1	0	0	2	1	0	0	0	0	0	1	1	0	1	0	0	0	1	2	2	0	1	1	0	1	0	0	0	1	0	1	1	0	0	1	1	0	0	0	0	0	0	0	0	0	1	1	1	0	0	0	0	0	1	0	0	0	0	2	1	0	5	0	1	0	0	0	1	0	0	0	0	0	0	0	1	0	2	2	1	0	0	0	0	0	0	0	1	2	0	0	0	1	0	0	0	1	1	0	1	1	0	0	0	0	0	0	0	0	0	0	0	1	0	0	?	0	0	1	0	0	0	0	0	?	1	1	0	0	1	0	2	0	1	2	1	0	1	1	1	0	1	0	0	1	0	?	?	?	?	?	?	?	?	?	?	?	?	?	?	?	?	?	?	?	?	?	?	?	?	?	?	?	?	?	?	?	?	?	?	?	?	?
Somaliaster	1	0	0	1	0	1	0	0	0	0	0	0	0	0	2	1	0	0	0	0	0	0	0	0	0	0	0	0	0	0	0	?	?	0	2	1	0	0	0	4	1	0	0	1	0	0	4	1	4	0	0	1	0	0	0	0	0	0	0	0	0	0	0	0	a	1	?	?	?	2	5	?	3	1	0	0	0	0	0	0	1	0	0	0	0	1	0	0	0	1	0	0	0	0	0	?	1	0	0	0	0	0	1	?	b	1	0	1	0	0	0	0	0	0	0	0	1	1	0	0	1	1	0	0	0	0	0	1	0	0	1	3	0	0	0	0	0	1	0	0	0	2	1	2	7	0	1	0	?	0	1	0	1	0	0	0	0	0	0	0	1	0	2	2	1	0	0	0	0	0	1	0	1	0	0	0	0	0	0	0	0	0	0	0	1	0	0	0	0	0	?	0	0	?	?	?	?	?	?	0	?	?	?	?	?	?	?	?	?	?	?	?	?	?	?	0	?	0	?	0	?	?	?	?	?	?	0	1	2	0	0	1	1	0	0	0	0	0	?	?	?	?	?	?	?	?	?	?	?	?	?	?	?	?	?	?	?	?
Brissopsis	1	0	0	1	0	2	0	0	0	0	0	0	0	0	2	1	0	0	0	0	0	0	0	0	0	0	0	1	1	0	2	1	0	0	0	0	1	0	0	1	0	0	4	1	4	0	0	1	0	0	0	0	1	1	2	5	1	4	1	0	0	0	0	0	0	1	0	1	0	0	1	0	0	2	1	0	0	0	0	0	1	1	0	1	1	0	0	1	2	2	0	1	0	0	0	0	1	0	1	0	1	1	0	0	1	1	0	0	0	0	0	0	0	0	0	1	1	1	0	1	0	0	0	0	0	0	?	0	2	1	0	5	0	1	0	0	0	1	0	0	0	0	0	0	0	1	0	2	2	1	0	0	0	0	0	0	0	1	2	1	0	0	1	0	0	0	1	1	0	1	1	0	0	0	0	0	0	0	0	0	0	0	1	0	0	?	0	0	1	0	0	0	0	0	?	1	1	0	0	1	1	2	0	0	2	0	1	2	1	1	0	1	0	0	1	1	1	1	0	?	?	?	?	?	?	?	?	?	?	?	?	?	?	?	?	?	?	?	?	?	?	?	?	?	?	?	?	?	?	?	?	?	?	?	?	?	?	?	?	?	?
Antillaster	1	0	0	1	0	2	0	0	0	0	0	0	0	0	2	1	0	0	0	0	0	0	0	0	0	0	0	0	0	0	0	?	?	0	2	1	0	0	0	0	1	0	0	1	0	0	4	1	E	0	0	1	0	0	0	0	0	0	0	0	0	0	0	0	a	1	?	?	?	2	5	?	4	1	0	0	0	0	0	0	1	0	1	0	0	1	0	0	2	1	0	0	0	0	0	?	1	0	1	1	0	0	1	?	1	0	0	1	0	1	2	1	1	0	0	0	1	0	0	0	1	1	0	0	0	0	0	0	0	0	0	1	1	1	0	1	0	0	0	1	0	?	?	0	?	?	2	6	0	1	0	?	0	1	0	1	0	1	0	0	0	0	0	1	0	2	2	1	0	0	0	0	0	0	0	1	0	2	0	0	0	0	0	0	1	1	0	1	1	0	0	0	0	?	0	0	?	?	?	?	?	?	0	?	?	?	?	?	?	?	?	?	?	?	?	?	?	?	0	?	?	?	?	?	?	?	?	?	?	0	0	0	0	0	0	0	0	0	0	0	0	0	0	0	0	?	?	?	?	?	?	?	?	?	?	?	?	?
Asterostoma	1	0	0	1	0	0	0	0	0	0	0	0	0	0	2	1	0	0	0	0	0	0	0	0	0	0	0	0	0	0	0	?	?	1	2	1	0	0	0	0	1	0	0	1	0	0	4	1	4	0	0	1	0	0	0	0	0	0	0	0	0	0	0	0	a	1	?	?	?	2	5	?	4	1	0	0	0	0	0	0	1	0	1	0	0	1	0	0	0	1	0	0	0	0	0	?	1	0	0	0	0	0	3	?	1	0	2	1	0	1	2	1	0	0	0	0	1	0	0	0	1	1	0	0	0	0	0	0	0	0	0	1	1	1	0	0	0	0	0	2	0	?	?	0	2	2	1	9	0	0	0	?	0	1	0	1	0	0	0	0	0	0	0	1	0	2	2	1	0	0	0	0	0	0	0	1	0	2	0	0	0	0	0	0	1	0	1	1	1	0	0	0	0	?	0	0	?	?	?	?	?	?	?	?	0	?	?	?	?	?	?	?	?	?	?	?	?	?	?	?	0	?	?	?	?	?	?	?	?	?	?	0	0	0	0	0	0	0	0	0	0	0	0	0	0	0	0	?	?	?	?	?	?	?	?	?	?	?
Eupatagus	1	0	0	1	0	0	0	0	0	0	0	0	0	0	2	1	0	0	0	0	0	0	0	0	0	0	0	1	1	0	2	1	0	0	0	0	1	0	0	0	0	0	4	1	4	0	0	1	0	0	0	0	1	1	2	4	1	5	1	0	0	0	0	0	0	1	0	1	0	0	1	0	0	2	1	0	0	0	0	0	1	1	0	1	1	0	0	1	1	0	0	1	1	1	0	0	1	0	0	0	1	1	0	0	1	1	0	0	0	0	0	0	0	0	0	1	1	3	0	1	0	0	0	1	1	2	5	1	2	0	1	0	0	0	1	0	1	0	1	0	0	0	1	0	2	2	1	0	0	0	0	1	0	0	0	0	1	1	2	0	0	0	0	0	0	1	1	0	1	0	0	0	0	0	0	0	0	0	0	0	0	1	0	0	?	0	0	1	0	0	0	0	0	?	1	0	0	1	1	2	0	0	2	0	1	2	0	1	0	0	0	0	0	0	0	1	0	0	1	1	1	1	0	?	?	?	?	?	?	?	?	?	?	?	?	?	?	?	?	?	?	?	?	?	?	?	?	?	?	?	?	?	?	?	?	?	?	?	?	?	?	?
Megapneustes	1	0	0	1	0	2	0	0	0	0	0	0	0	0	2	1	0	0	0	0	0	0	0	0	0	0	0	0	0	0	0	?	?	0	2	1	0	0	0	0	1	0	0	1	0	0	4	1	4	0	0	1	0	0	0	0	0	0	0	0	0	0	0	0	a	1	?	?	?	2	5	?	4	1	0	0	0	0	0	0	1	0	1	0	0	1	0	0	2	1	0	0	0	0	0	?	1	0	1	1	0	0	?	?	1	0	0	1	0	0	0	0	0	0	0	0	1	0	0	0	1	1	0	0	0	0	?	?	?	?	0	1	1	3	0	1	0	0	0	?	0	?	?	0	1	1	?	?	0	?	0	?	0	1	0	1	0	1	0	1	0	0	0	1	0	2	2	1	0	0	0	0	1	0	0	0	0	1	2	1	0	0	0	0	0	0	1	?	0	1	1	0	0	0	0	?	0	0	?	?	?	?	?	?	0	?	?	?	?	?	?	?	?	?	?	?	?	?	?	?	0	?	?	?	?	?	?	?	?	?	?	0	1	2	0	?	?	1	0	0	1	1	?	1	0	?	?	?	?	?	?	?	?	?	?	?	?	?	?	?	?	?	?	?	?
Ovulaster	1	0	0	1	0	A	0	0	0	0	0	0	0	0	2	1	0	0	0	0	0	0	0	0	0	0	0	0	0	0	0	?	?	1	2	1	0	0	2	4	1	0	0	1	0	0	4	1	4	0	0	0	0	0	0	0	0	0	0	0	0	0	0	0	a	1	?	?	?	2	5	?	F	1	0	0	0	0	0	0	3	0	0	0	0	1	0	0	0	1	0	0	0	0	0	1	1	0	?	0	0	0	1	?	1	1	0	0	0	1	0	0	0	0	0	0	0	0	0	1	0	0	0	0	0	0	0	0	0	1	1	1	0	0	0	0	0	2	0	0	0	0	1	1	1	4	0	1	0	0	0	1	0	1	0	0	0	0	0	0	0	1	0	2	?	1	0	0	0	0	0	0	0	1	0	2	0	0	0	0	0	0	1	1	0	1	2	0	0	0	0	?	0	0	?	?	?	?	1	0	?	?	?	?	?	?	?	?	?	?	?	?	?	?	?	0	?	0	?	?	?	?	?	?	?	?	0	1	0	0	0	0	0	0	0	0	0	0	0	0	0	1	1	0	2	0	?	?	?	?	?	?	?	?	?	?	?	?	?	?	?
Palaeotrophus	1	0	0	1	0	0	0	0	0	0	0	0	0	0	2	1	0	0	0	0	0	0	0	0	0	0	0	0	0	0	0	?	?	0	2	1	0	0	?	3	?	0	0	1	0	0	1	1	2	0	0	?	0	0	0	0	1	0	0	1	2	4	?	4	1	0	0	0	0	0	1	0	0	0	3	0	1	0	0	1	0	0	0	1	0	0	0	0	0	1	1	0	1	1	0	0	1	1	0	0	0	0	?	0	0	0	0	0	0	1	1	0	0	0	0	0	0	0	0	0	1	1	1	0	1	0	0	0	1	0	0	0	0	2	1	1	5	0	1	0	0	0	0	0	0	0	1	0	2	2	1	0	0	0	0	0	0	0	1	0	2	0	0	0	0	0	0	1	1	0	1	1	0	0	0	0	0	0	0	0	0	0	0	1	1	0	0	?	0	0	1	0	0	0	0	0	?	1	0	0	1	0	2	0	0	2	0	1	0	0	0	0	0	0	0	0	0	0	0	0	0	1	1	1	2	0	?	?	?	?	?	?	?	?	?	?	?	?	?	?	?	?	?	?	?	?	?	?	?	?	?	?	?	?	?	?
Periaster	1	0	0	1	0	0	0	0	0	0	0	0	0	0	2	1	0	0	0	0	0	0	0	0	0	0	0	0	0	0	0	?	?	0	2	1	0	0	2	3	1	0	0	0	0	0	4	1	4	0	0	0	0	0	0	0	0	0	0	0	0	0	0	0	a	1	?	?	?	2	?	?	?	1	0	0	0	0	0	0	1	0	0	0	0	1	0	0	2	1	0	0	0	0	0	?	1	0	?	0	0	0	0	?	0	2	0	1	0	0	1	0	0	0	1	0	1	1	0	0	1	1	0	0	0	0	0	?	?	?	0	1	1	1	0	0	0	0	0	?	0	?	?	0	?	?	1	?	0	a	0	0	0	1	0	1	0	0	0	0	0	0	0	1	0	2	2	1	0	0	0	0	0	0	0	1	0	1	0	0	?	0	0	0	1	1	0	1	1	0	0	0	0	?	0	0	0	0	0	0	0	?	0	?	?	?	?	?	?	?	?	?	?	?	?	?	?	?	0	?	?	?	?	?	?	?	?	?	?	0	1	2	1	0	1	1	1	0	1	0	0	1	0	?	?	?	?	?	?	?	?	?	?	?	?	?	?	?	?
Breynia	1	0	0	1	0	2	0	0	0	0	0	0	0	0	2	1	0	0	0	0	0	0	0	0	0	0	0	1	1	0	2	1	0	0	0	0	1	0	0	1	0	0	4	1	4	0	0	1	0	0	0	0	1	1	2	4	1	5	1	0	0	0	0	0	0	1	0	1	0	0	1	0	0	2	1	0	0	0	0	0	1	1	0	1	1	0	0	1	1	1	0	1	2	1	0	0	1	0	0	0	1	2	0	0	1	1	0	?	0	0	0	0	0	0	0	1	1	3	0	1	0	0	0	2	2	2	5	0	1	0	1	0	0	0	1	0	1	0	1	0	1	0	1	0	2	2	1	0	0	0	0	1	1	1	0	0	1	1	2	1	0	0	0	0	0	1	1	0	1	1	0	0	0	0	0	0	0	0	0	0	0	0	0	1	0	0	0	0	0	?	1	0	0	1	1	2	0	0	2	0	1	2	0	1	0	1	1	0	1	1	1	2	0	?	?	?	?	?	?	?	?	?	?	?	?	?	?	?	?	?	?	?	?	?	?	?	?	?	?	?	?	?	?	?	?	?	?	?	?	?	?	?	?	?	?	?	?	?	?	?	?	?	?	?	?	?	?	?	?	?
Brissus	1	0	0	1	0	0	0	0	0	0	0	0	0	0	2	1	0	0	0	0	0	0	0	0	0	0	0	1	1	1	2	1	0	0	0	0	1	0	0	0	0	0	4	1	4	0	0	1	0	0	0	0	1	1	2	4	1	4	1	0	0	0	0	0	0	1	0	1	0	0	1	0	0	2	1	0	0	0	0	0	1	1	0	1	1	0	0	1	1	0	0	1	0	0	0	1	1	0	1	0	1	0	0	0	1	1	0	0	0	0	0	1	1	0	0	1	1	2	0	1	0	0	0	2	2	0	5	0	1	0	1	0	0	0	0	0	0	0	1	0	2	2	1	0	0	0	0	0	0	0	1	2	1	0	0	1	0	0	0	1	1	0	1	1	0	0	0	0	0	0	0	0	0	0	0	1	0	0	?	0	0	1	0	0	0	0	0	?	1	0	0	1	1	2	0	0	2	0	1	2	1	1	0	1	0	0	1	1	1	1	0	?	?	?	?	?	?	?	?	?	?	?	?	?	?	?	?	?	?	?	?	?	?	?	?	?	?	?	?	?	?	?	?	?	?	?	?	?	?	?	?	?	?	?	?	?	?	?	?	?	?
Echinocardium	1	0	0	0	0	2	0	0	0	0	0	0	0	0	2	1	0	0	0	0	0	0	0	0	0	0	0	1	1	0	2	1	0	0	0	0	1	0	0	A	0	0	4	1	4	0	0	1	0	0	0	0	1	1	2	4	1	5	1	0	0	0	0	0	0	1	0	1	0	0	1	0	0	2	1	0	0	0	0	0	1	1	0	1	1	0	1	1	3	1	0	1	2	1	0	0	0	0	1	0	1	2	0	0	1	1	0	0	0	0	0	0	0	0	0	1	1	1	0	1	0	0	0	1	1	1	5	0	1	0	0	0	0	0	0	0	1	0	2	2	1	0	0	0	0	0	0	0	1	1	2	1	0	1	0	0	0	1	1	0	1	1	0	0	0	0	0	0	0	0	0	0	0	1	1	0	0	?	0	0	1	0	0	0	0	0	?	1	1	0	0	1	1	2	0	0	2	0	1	0	0	0	0	0	0	0	0	0	0	0	1	0	1	1	1	2	1	?	?	?	?	?	?	?	?	?	?	?	?	?	?	?	?	?	?	?	?	?	?	?	?	?	?	?	?	?	?	?	?	?	?	?	?	?	?	?	?	?	?	?
Eurypatagus	1	0	0	1	0	0	0	0	0	0	0	0	0	0	2	1	0	0	0	0	0	0	0	0	0	0	0	0	0	0	0	?	?	0	2	1	0	0	0	0	1	0	0	0	0	0	4	1	4	0	0	1	0	0	0	0	1	1	2	4	1	5	1	0	0	0	0	0	0	1	0	1	0	0	1	0	0	2	1	0	0	0	0	0	1	1	0	1	1	0	0	2	1	0	0	1	0	0	2	1	0	0	0	0	1	1	0	0	1	1	0	0	0	0	1	0	0	0	1	1	3	0	1	0	0	0	2	2	2	5	0	2	0	1	0	0	2	1	0	1	0	1	0	0	0	1	0	2	2	1	0	0	0	0	1	0	0	0	0	1	1	2	0	0	0	0	0	0	1	1	0	1	1	0	0	0	0	0	0	0	0	0	0	0	1	0	0	?	0	0	1	0	0	0	0	0	?	1	0	0	1	0	2	0	0	2	0	1	0	0	0	0	0	0	0	0	0	0	0	0	0	1	1	1	2	0	?	?	?	?	?	?	?	?	?	?	?	?	?	?	?	?	?	?	?	?	?	?	?	?	?	?	?	?	?	?	?	?	?	?	?
Lovenia	1	0	0	1	0	2	0	0	0	0	0	0	0	0	2	1	0	0	0	0	0	0	0	0	0	0	0	1	1	0	2	1	0	1	0	2	1	1	0	0	4	1	4	0	0	1	0	0	0	0	1	3	0	1	2	4	1	5	1	0	0	0	0	0	0	1	0	1	0	0	1	0	0	2	1	0	0	0	0	0	1	1	0	1	1	0	1	1	1	1	0	1	2	1	0	0	0	0	1	0	1	2	0	0	1	1	0	0	0	0	0	0	0	0	0	1	1	3	0	1	0	0	0	1	1	5	0	1	0	1	0	0	1	1	0	1	0	1	0	1	0	1	0	2	2	1	0	0	0	0	1	1	1	0	0	1	2	2	1	1	0	0	0	0	1	1	0	1	1	0	0	0	0	0	0	0	0	0	0	0	0	0	?	0	0	1	0	0	0	0	0	?	1	0	0	1	2	2	0	0	2	0	1	0	0	0	0	0	0	0	0	0	0	0	1	0	1	1	1	1	0	?	?	?	?	?	?	?	?	?	?	?	?	?	?	?	?	?	?	?	?	?	?	?	?	?	?	?	?	?	?	?	?	?	?	?	?	?	?	?	?	?	?
Maretia	1	0	0	1	0	1	0	0	0	0	0	0	0	0	2	1	0	0	0	0	0	0	0	0	0	0	0	0	0	0	0	?	?	0	2	1	0	0	0	0	1	0	0	1	0	0	4	1	4	0	0	1	0	0	0	0	1	0	0	1	2	4	?	5	1	0	0	0	0	0	0	1	0	1	0	0	1	0	0	2	1	0	0	0	0	0	1	1	0	1	1	0	0	2	1	0	0	1	1	1	2	0	1	0	0	0	1	1	0	0	1	1	0	0	0	0	0	0	0	0	0	1	1	3	0	1	0	0	0	2	2	2	5	0	2	0	1	0	0	1	1	0	1	0	1	0	0	0	1	0	2	2	1	0	0	0	0	1	0	0	0	0	1	1	2	0	0	0	0	0	0	1	1	0	1	1	0	0	0	0	0	0	0	0	0	0	0	0	0	?	0	0	1	0	0	0	0	0	?	1	0	0	1	1	2	0	0	2	0	1	0	0	0	0	0	0	0	0	0	0	0	0	0	1	1	1	2	0	?	?	?	?	?	?	?	?	?	?	?	?	?	?	?	?	?	?	?	?	?	?	?	?	?	?	?	?	?	?	?	?	?	?
Prenaster	1	0	0	1	0	0	0	0	0	0	0	0	0	0	2	1	0	0	0	0	0	0	0	0	0	0	0	0	0	0	0	?	?	1	2	1	0	0	0	0	1	0	0	0	0	0	4	1	4	0	0	1	0	0	0	0	0	0	0	0	0	0	0	0	a	1	?	?	?	2	5	?	4	1	0	0	0	0	0	0	1	0	1	0	0	1	0	0	2	1	0	0	0	0	0	?	1	0	1	0	0	0	1	1	0	0	1	0	0	0	1	0	0	1	0	1	0	0	0	1	1	0	?	0	0	0	0	0	0	0	1	1	1	0	0	0	0	0	?	0	?	?	0	2	1	0	?	0	1	1	0	0	0	0	0	0	1	0	2	?	1	0	0	0	0	0	0	0	1	0	0	0	0	0	0	0	0	1	1	0	1	1	0	0	0	0	?	0	0	?	?	?	?	?	?	0	?	?	?	?	?	?	?	?	?	?	?	?	?	?	?	0	?	?	?	?	?	?	?	?	?	?	0	1	2	1	0	0	1	0	0	1	1	1	1	0	0	1	0	?	?	?	?	?	?	?	?	?	?	?	?	?	?	?	?	?	?	?
Spatangus	1	0	0	1	0	2	0	0	0	0	0	0	0	0	2	1	0	0	0	0	0	0	0	0	0	0	0	1	1	0	2	1	0	0	0	0	1	0	0	0	0	0	4	1	4	0	0	1	0	0	0	0	1	1	2	5	1	4	1	0	0	0	0	0	0	1	0	1	0	0	1	0	0	2	1	0	0	0	0	0	1	1	0	1	1	0	0	1	1	1	0	1	1	1	0	0	1	0	1	0	1	1	0	0	1	1	0	0	0	0	0	0	0	0	0	1	1	1	0	1	0	0	0	2	2	0	5	0	1	0	1	0	1	0	1	0	0	0	1	0	2	2	1	0	0	0	0	1	0	0	0	0	1	2	2	0	0	0	0	0	0	1	1	0	1	1	0	0	0	0	0	0	0	0	0	0	0	1	0	0	?	0	0	1	0	0	0	0	0	?	1	0	0	1	1	2	0	0	2	0	1	0	0	0	0	0	0	0	0	0	0	0	0	0	1	1	1	1	0	?	?	?	?	?	?	?	?	?	?	?	?	?	?	?	?	?	?	?	?	?	?	?	?	?	?	?	?	?	?	?	?	?	?	?	?	?	?	?	?	?	?	?
Carnarechinus	1	?	0	?	0	0	0	0	0	0	0	0	0	0	2	1	0	0	0	0	0	0	0	0	0	0	0	0	0	0	0	?	?	?	2	1	0	0	2	4	1	0	?	?	?	0	0	4	1	4	0	?	0	0	0	1	0	0	0	0	0	0	0	0	0	?	?	?	?	?	?	?	1	?	1	0	0	0	0	0	0	3	0	1	0	0	1	0	0	0	0	0	0	0	0	0	?	1	0	?	?	0	0	0	?	0	0	0	0	0	0	0	0	?	0	?	1	0	0	0	0	0	1	1	1	1	1	0	2	0	0	0	0	?	1	0	?	0	?	?	0	?	?	?	?	?	1	0	?	?	?	?	1	0	0	0	0	0	0	0	?	?	?	?	1	?	0	?	0	0	?	?	?	?	?	0	?	?	0	0	0	?	?	?	?	0	0	0	0	0	?	0	0	?	?	?	?	?	?	0	0	?	?	?	0	?	0	0	0	0	0	?	0	0	0	0	?	?	?	?	?	?	?	?	?	?	?	?	?	?	?	?	?	?	?	?	?	?	?	?	?	?	?	?	?	?	?	?	?	?	?	?	?	?	?	?	?
Enichaster	1	1	0	1	0	0	0	0	0	0	0	0	0	0	2	1	0	0	0	0	0	0	0	0	0	0	0	0	0	0	0	?	?	0	2	1	0	0	?	?	1	0	0	?	?	0	0	4	1	4	0	?	?	0	0	0	?	?	0	0	0	0	0	0	0	?	?	?	?	?	2	?	?	?	1	0	0	0	0	0	0	0	0	0	?	0	0	?	0	0	0	0	1	0	?	0	0	?	0	?	?	?	?	0	0	0	0	?	?	?	?	?	?	?	?	?	1	0	0	1	0	0	0	0	0	0	0	0	0	1	0	0	?	1	?	?	0	0	?	?	?	?	?	?	?	?	?	?	?	?	?	?	?	?	?	?	?	0	?	?	?	?	?	?	0	?	?	?	?	1	0	0	0	0	0	0	0	1	0	?	?	1	0	0	?	0	0	?	0	?	?	?	0	0	?	0	0	0	?	?	0	1	0	0	0	?	?	?	?	?	?	?	?	?	?	?	?	0	?	?	?	?	?	?	?	?	?	?	?	?	?	?	?	0	?	?	?	?	?	?	?	?	?	?	?	?	?	?	?	?	?	?	?	?	?	?	?	?	?	?	?	?	?	?	?
Galeropygus	1	0	0	0	0	0	0	0	0	0	0	2	1	0	0	0	0	0	0	0	0	0	0	0	1	1	1	0	0	1	0	0	1	0	0	1	1	0	1	1	0	0	1	0	4	1	4	0	0	0	0	0	0	0	1	?	0	?	0	9	0	?	1	1	0	0	1	3	1	?	0	1	2	1	0	0	0	0	0	0	0	0	?	0	0	0	0	3	?	0	0	0	1	0	1	0	0	0	0	0	0	0	0	0	0	0	1	?	?	0	0	0	0	0	0	0	0	2	0	?	?	0	?	?	?	?	0	?	0	0	0	1	0	1	1	0	0	0	0	0	0	1	0	2	2	1	0	0	0	1	0	1	0	2	0	0	0	0	0	1	0	0	0	0	0	0	0	0	0	?	0	0	0	0	0	0	0	0	?	?	?	?	?	?	?	?	?	?	?	?	?	?	?	0	0	0	?	1	?	?	?	?	?	?	0	0	0	0	0	0	0	0	0	0	0	0	0	0	0	0	?	?	?	?	?	?	?	?	?	?	?	?	?	?	?	?	?	?	?	?	?	?	?	?	?	?	?	?	?	?	?	?	?	?	?	?	?	?	?	?	?	?	?	?	?	?	?	?
Clypeus	1	0	0	0	0	0	0	0	0	0	0	2	1	0	0	0	0	0	0	0	0	0	0	0	0	0	0	0	?	?	1	1	0	1	0	1	1	1	0	0	0	4	1	0	1	0	0	A	0	4	1	4	0	0	1	1	0	0	0	0	0	0	0	0	0	0	0	a	1	?	?	?	0	9	0	4	1	1	0	0	3	3	1	?	0	1	0	0	0	0	0	1	2	1	0	0	0	0	0	0	0	0	?	0	0	0	0	3	?	0	0	0	1	0	1	0	0	0	0	0	0	0	0	1	0	0	1	0	0	0	0	0	0	0	0	0	0	2	0	?	?	0	?	?	?	?	0	2	0	0	0	1	0	1	1	0	0	0	0	0	0	1	0	2	2	1	0	0	0	1	0	1	0	2	0	0	0	0	1	1	0	0	0	0	0	0	0	0	0	?	0	0	0	0	0	0	0	?	?	?	?	?	?	?	?	?	?	?	?	?	?	?	0	0	0	?	1	?	?	?	?	?	?	0	0	0	0	0	0	0	0	0	0	0	0	0	0	0	0	?	?	?	?	?	?	?	?	?	?	?	?	?	?	?	?	?	?	?	?	?	?	?	?	?	?	?	?	?
Nucleolites	1	0	0	1	0	0	0	0	0	0	0	0	0	0	2	1	0	0	0	0	0	0	0	0	0	0	0	1	1	0	2	1	0	0	B	4	1	0	1	0	0	0	0	4	1	4	0	0	1	0	0	0	0	0	0	0	0	0	0	0	0	a	1	?	?	?	0	9	0	E	1	4	0	0	3	3	1	?	1	0	0	0	0	0	1	0	0	0	0	0	0	2	1	0	0	0	0	0	0	0	0	?	0	0	0	0	3	?	0	0	0	1	0	1	0	0	0	0	0	0	0	0	0	0	0	1	0	0	0	0	0	0	0	0	0	1	0	0	0	0	0	2	0	?	0	0	0	?	0	?	0	?	0	0	0	1	0	1	0	0	0	0	0	0	0	1	0	2	2	1	0	0	0	1	0	0	0	2	0	0	0	0	1	4	1	0	1	1	0	0	0	0	0	?	0	0	0	0	0	0	0	0	?	?	?	?	?	?	?	?	?	?	?	?	?	?	?	0	0	0	?	1	?	?	?	?	?	?	0	0	0	0	0	0	0	0	0	0	0	0	0	0	0	0	?	?	?	?	?	?	?	?	?	?	?	?	?	?	?	?	?	?
Apatopygus	1	0	0	1	0	0	0	0	0	0	0	0	0	0	2	1	0	0	0	0	0	0	0	0	0	0	0	0	0	0	0	?	?	0	2	1	0	2	3	1	0	1	0	0	0	0	4	1	4	0	0	1	0	0	0	0	1	1	0	1	0	9	0	6	1	4	0	0	3	3	1	?	0	1	0	1	0	0	0	0	2	1	1	0	0	0	0	0	0	1	1	0	0	0	0	3	?	0	0	0	1	0	0	2	0	0	0	0	0	1	0	0	0	0	1	0	0	0	0	0	0	0	0	0	1	0	0	0	0	0	2	0	0	1	0	?	?	?	?	0	2	0	0	0	1	0	1	1	0	0	0	0	0	0	1	0	2	2	1	0	0	0	1	0	0	0	2	0	0	0	0	1	4	5	0	0	1	0	0	0	0	0	1	0	0	0	0	0	0	0	1	1	1	0	0	2	0	0	2	1	1	0	0	0	1	1	0	0	0	0	0	0	0	0	1	1	1	2	0	1	2	0	0	0	0	0	0	0	0	0	0	0	0	0	0	0	0	?	?	?	?	?	?	?	?	?	?	?	?	?	?	?	?	?	?	?	?	?	?	?	?	?	?	?	?	?	?	?	?	?	?	?	?	?
Pygaulus	1	0	0	1	0	0	0	0	0	0	0	0	0	0	2	1	0	0	0	0	0	0	0	0	0	0	0	0	0	0	0	?	?	0	2	1	0	4	1	0	1	1	0	0	0	4	1	4	0	0	1	0	0	0	0	0	0	0	0	0	0	0	0	a	1	?	?	?	3	?	0	3	1	4	0	0	0	3	1	?	0	1	0	0	0	0	0	0	3	1	1	0	0	0	0	0	0	1	?	0	0	0	0	2	?	0	0	0	1	0	1	0	0	0	0	0	0	0	0	0	0	0	1	?	?	0	0	0	0	0	0	0	0	0	?	?	1	?	0	0	0	0	2	0	?	?	0	0	0	0	?	0	2	0	0	0	1	0	1	0	0	0	0	0	0	0	1	0	2	2	1	0	0	0	?	0	0	0	2	0	0	0	0	0	0	2	0	0	1	0	0	0	0	0	?	0	0	?	?	?	?	?	?	0	?	?	?	?	?	?	?	?	?	?	?	?	?	?	?	0	0	0	?	1	?	?	?	?	?	?	0	0	0	0	0	0	0	0	0	0	0	0	0	0	0	0	?	?	?	?	?	?	?	?	?	?	?	?	?	?	?	?
Archiacia	1	0	0	2	1	1	0	0	0	0	0	0	0	0	2	1	0	0	0	0	0	0	0	0	0	0	0	0	0	0	0	?	?	1	2	1	0	0	0	0	1	0	0	0	0	0	4	1	4	0	0	1	0	0	0	0	0	0	0	0	0	0	0	0	a	1	?	?	?	3	?	?	?	1	4	0	0	3	3	1	?	0	0	0	0	?	0	0	?	?	0	1	0	0	0	0	0	0	3	2	1	0	0	0	0	0	?	?	?	0	0	0	0	3	?	1	1	1	1	1	1	0	0	0	0	0	0	1	0	0	0	0	1	?	?	0	0	0	?	?	?	?	0	?	?	?	?	?	0	0	?	?	?	?	?	?	0	?	?	?	?	0	?	0	1	0	1	?	1	0	0	0	0	0	0	0	1	0	?	?	1	?	?	?	?	0	0	0	2	0	0	0	0	0	0	0	0	1	1	0	0	0	0	0	?	0	0	?	?	?	?	?	?	0	?	?	?	?	?	?	?	?	?	?	?	?	?	?	?	0	0	0	?	?	?	?	?	?	?	?	0	0	0	0	0	0	0	0	0	0	0	0	0	0	0	0	?	?	?	?	?
Claviaster	1	0	0	2	1	1	0	0	0	0	0	0	0	0	2	1	0	0	0	0	0	0	0	0	0	0	0	0	0	0	0	?	?	1	2	1	0	0	0	0	1	0	0	0	0	0	4	1	4	0	0	1	0	0	0	0	0	0	0	0	0	0	0	0	a	1	?	?	?	3	?	?	4	1	4	0	0	3	3	1	?	0	0	0	0	?	0	0	?	?	0	1	0	0	0	0	0	0	3	2	1	0	0	0	0	0	?	?	?	0	0	0	0	3	?	1	1	1	1	1	1	0	0	0	0	0	0	1	0	0	0	0	1	?	?	0	0	0	?	?	?	?	0	0	?	?	?	?	0	0	?	?	2	0	?	?	0	?	?	?	?	0	?	0	?	?	?	?	1	0	0	0	0	0	0	0	1	0	?	?	1	0	0	?	?	0	?	0	2	0	0	0	0	0	0	0	0	1	1	0	0	0	0	0	?	0	0	?	?	?	?	?	?	0	?	?	?	?	?	?	?	?	?	?	?	?	?	?	?	0	0	0	?	?	?	?	?	?	?	?	0	0	0	0	0	0	0	0	0	0	0	0	0	0	0	0	?	?	?	?	?
Cassidulus	1	0	0	1	0	0	0	0	0	0	0	0	0	0	0	2	1	0	0	0	0	0	0	0	0	0	0	0	1	1	0	2	1	0	0	0	0	1	1	2	0	0	1	1	4	1	0	1	0	0	0	0	1	1	0	1	1	9	0	3	1	4	0	0	0	0	?	1	0	0	0	0	0	1	0	1	0	0	0	0	1	2	1	0	0	0	0	0	0	1	1	0	0	1	0	1	?	0	0	0	1	0	1	2	0	0	0	0	0	1	0	0	0	0	1	0	0	0	0	0	0	0	0	0	1	0	0	0	0	0	2	0	0	1	0	0	1	0	6	0	2	0	1	1	1	2	1	1	0	0	0	0	0	0	1	0	2	2	1	0	0	0	1	0	0	0	2	0	1	0	0	1	3	1	0	1	1	0	0	0	0	0	1	0	0	0	0	0	0	0	0	?	?	0	0	1	0	0	0	0	0	1	1	1	1	2	0	1	2	0	0	0	0	0	0	0	0	0	0	0	0	0	0	0	0	?	?	?	?	?	?	?	?	?	?	?	?	?	?	?	?	?	?	?	?	?	?	?	?	?	?	?	?	?	?	?	?	?	?
Faujasia	1	0	0	1	0	0	0	0	0	0	0	0	0	0	0	2	1	0	0	0	0	0	0	0	0	0	0	0	0	0	0	0	?	?	0	2	1	0	0	0	0	0	1	0	0	1	1	4	2	0	1	0	0	0	0	0	0	0	0	0	0	0	0	a	1	?	?	?	3	4	0	2	1	4	0	0	3	3	1	?	1	0	0	0	0	0	1	0	1	0	0	0	0	3	2	1	0	0	0	0	0	0	1	?	0	0	1	0	2	?	0	0	0	1	1	1	0	0	0	0	0	0	1	0	0	0	0	1	0	0	0	0	0	0	0	0	0	3	0	0	0	0	0	2	0	0	1	1	0	1	0	9	0	2	0	1	0	1	2	1	1	0	0	0	0	0	0	1	0	2	2	1	0	0	0	1	0	0	0	2	0	0	0	0	1	3	3	0	1	1	0	0	0	0	0	?	0	0	0	0	0	0	0	0	?	?	?	?	?	?	?	?	?	?	?	?	?	?	?	0	0	0	?	1	1	1	2	0	1	2	0	0	0	0	0	0	0	0	0	0	0	0	0	0	0	0	?	?	?	?	?	?	?	?	?	?	?	?	?	?
Stigmatopygus	1	0	0	1	0	0	0	0	0	0	0	0	0	0	0	2	1	0	0	0	0	0	0	0	0	0	0	0	0	0	0	0	?	?	0	2	1	0	1	0	1	1	0	0	0	4	1	4	1	0	1	0	0	0	0	0	0	0	0	0	0	0	0	a	1	?	?	?	2	8	0	4	1	4	0	0	3	?	1	?	1	0	0	0	0	0	1	0	1	0	0	0	0	3	2	1	0	0	0	0	0	0	1	?	0	0	1	0	2	?	0	0	0	1	1	1	0	4	0	1	0	0	1	0	0	0	0	1	0	0	0	0	0	0	0	0	0	3	0	0	0	0	0	2	0	0	1	1	0	1	0	9	0	2	0	1	0	1	2	1	1	0	0	0	0	0	0	1	0	2	2	1	0	0	0	1	0	0	0	2	0	0	0	0	1	3	1	0	1	1	0	0	0	0	0	?	0	0	?	?	?	?	?	?	0	?	?	?	?	?	?	?	?	?	?	?	?	?	?	?	0	0	0	?	1	1	1	2	0	1	2	0	0	0	0	0	0	0	0	0	0	0	0	0	0	0	0	?	?	?	?	?	?	?	?	?	?	?	?	?	?	?	?
Echinolampas	1	0	A	1	0	0	0	0	0	0	0	0	0	0	0	2	1	0	0	0	0	0	0	0	0	0	0	0	1	1	0	2	1	0	0	0	0	0	2	0	0	1	1	4	1	0	1	0	0	0	0	1	1	0	1	4	7	0	3	1	4	0	0	3	3	1	?	1	0	0	0	0	0	1	0	1	0	0	0	0	3	2	1	0	0	0	0	0	0	1	1	0	0	1	0	3	1	0	0	0	1	A	1	0	0	0	1	0	0	1	0	0	0	0	1	0	0	0	0	0	0	0	0	0	1	0	0	0	0	0	2	0	0	1	0	?	?	?	8	0	2	0	A	0	1	0	1	1	0	0	0	0	0	0	1	0	2	2	1	0	0	0	1	0	0	0	2	0	0	0	0	1	3	1	0	0	1	0	0	0	0	0	0	0	0	0	1	0	1	0	1	1	1	0	0	2	0	0	2	1	1	0	0	0	1	A	0	A	0	0	0	0	0	1	1	1	1	2	0	1	2	0	0	0	0	0	0	0	0	0	0	0	0	0	0	0	0	?	?	?	?	?	?	?	?	?	?	?	?	?	?	?	?	?	?	?	?	?	?	?	?	?	?	?	?	?	?	?	?	?	?	?
Clypeolampas	1	0	1	1	0	0	0	0	0	0	0	0	0	0	0	2	1	0	0	0	0	0	0	0	0	0	0	0	0	0	0	0	?	?	0	2	1	0	0	0	0	0	2	0	0	1	1	4	0	0	1	0	0	0	0	0	0	0	0	0	0	0	0	a	1	?	?	?	3	9	0	3	1	4	0	0	3	4	3	?	1	0	0	0	1	0	0	0	0	0	1	0	1	0	0	0	0	3	2	1	0	0	0	0	0	0	?	?	0	0	1	0	3	?	0	0	0	1	0	1	0	0	0	0	0	0	1	0	1	0	0	1	0	0	0	0	0	0	0	0	0	1	0	0	0	0	0	2	0	?	?	2	2	2	2	1	0	2	0	1	0	1	0	1	1	0	0	0	0	0	0	1	0	2	2	1	0	0	0	1	0	1	0	2	0	0	0	0	1	3	1	0	1	1	0	0	0	0	0	?	0	0	?	?	?	?	?	?	0	?	?	?	?	?	?	?	?	?	?	?	?	?	?	?	0	0	0	?	1	1	1	2	0	1	2	0	0	0	0	0	0	0	0	0	0	0	0	0	0	0	0	?	?	?	?	?	?	?	?	?
Neolampas	1	0	0	1	0	0	0	0	0	0	0	0	0	0	0	2	1	0	0	0	0	0	0	0	0	0	0	0	0	0	0	0	?	?	0	2	1	0	0	0	0	1	1	1	0	0	1	1	7	0	1	1	0	0	0	0	1	3	0	1	3	7	1	2	1	4	0	0	3	3	1	?	1	0	0	0	0	0	3	0	1	0	0	0	0	3	2	1	0	0	0	0	0	0	1	1	0	0	0	0	0	0	0	0	0	0	0	0	0	1	0	0	0	0	0	0	0	0	0	1	0	0	0	0	0	2	0	0	1	0	0	1	0	6	0	2	0	0	0	1	0	1	1	0	0	0	0	0	0	1	0	2	2	1	0	0	0	1	0	0	0	2	0	0	0	0	1	3	4	0	0	1	0	0	0	0	0	1	0	0	0	0	0	0	0	0	?	?	0	0	1	0	0	0	0	0	1	1	1	1	2	0	1	2	0	0	0	0	0	0	0	0	0	0	0	0	0	0	0	0	?	?	?	?	?	?	?	?	?	?	?	?	?	?	?	?	?	?	?	?	?	?	?	?	?	?	?	?	?	?	?	?	?	?	?
Pliolampas	1	0	0	1	0	0	0	0	0	0	0	0	0	0	0	2	1	0	0	0	0	0	0	0	0	0	0	0	0	0	0	0	?	?	0	2	1	0	0	0	0	1	1	1	0	0	1	1	7	0	1	1	0	0	0	0	1	?	0	1	3	?	0	3	1	4	0	0	3	3	1	?	1	0	0	0	0	0	1	0	1	0	0	0	0	3	2	1	0	0	0	0	0	0	?	?	0	0	0	0	1	0	0	0	0	1	0	0	0	0	0	0	0	0	1	0	0	0	0	1	0	0	0	0	0	0	0	0	0	0	0	?	?	?	?	0	0	0	0	2	0	?	?	0	?	?	?	?	0	?	0	0	0	1	0	1	1	0	0	0	0	0	0	1	0	2	2	1	0	0	0	1	0	0	0	2	0	0	0	0	1	3	4	0	0	1	0	0	0	0	0	?	0	0	?	?	?	?	?	?	0	0	?	?	0	0	1	0	0	0	0	0	?	1	1	1	2	0	1	2	0	0	0	0	0	0	0	0	0	0	0	0	0	0	0	0	?	?	?	?	?	?	?	?	?	?	?	?	?	?	?	?	?	?	?	?	?	?	?	?
Plesiolampas	1	0	0	1	0	0	0	0	0	0	0	0	0	0	0	2	1	0	0	0	0	0	0	0	0	0	0	0	1	1	0	2	1	0	0	0	0	0	0	0	0	1	1	4	1	0	1	0	0	0	0	0	0	0	0	0	0	0	0	a	1	?	?	?	3	5	?	4	1	4	0	0	1	3	1	?	0	1	0	1	0	0	0	1	1	0	0	0	0	0	0	0	0	?	?	0	0	1	0	2	?	0	0	0	1	0	1	0	0	0	0	0	0	1	0	0	0	0	1	0	0	0	0	0	0	0	0	0	1	0	0	0	0	0	2	0	?	?	0	?	?	?	9	0	2	0	0	0	1	0	1	1	0	0	0	0	0	0	1	0	2	2	1	0	0	0	1	0	1	0	2	0	0	0	0	1	3	5	0	1	0	0	0	0	0	0	?	0	0	?	?	?	?	?	?	0	?	?	?	?	?	?	?	?	?	?	?	?	?	?	?	0	0	0	?	1	1	1	2	0	1	2	0	0	0	0	0	0	0	0	0	0	0	0	0	0	0	0	?	?	?	?	?	?	?	?	?	?	?	?	?	?	?	?	?	?	?	?	?	?
Oligopygus	1	0	0	1	0	0	0	0	0	0	0	0	0	0	0	2	1	0	0	0	0	0	0	0	1	?	0	0	0	0	0	0	1	A	0	2	1	0	0	0	0	0	1	0	0	1	2	4	1	1	0	0	0	0	0	0	0	0	0	0	0	0	a	1	?	?	?	4	5	1	1	1	1	0	0	1	4	3	?	0	0	0	1	0	0	1	0	0	1	1	0	1	0	1	0	1	1	0	0	0	1	0	0	0	0	0	1	0	0	1	0	?	0	0	0	1	0	1	0	0	0	0	0	0	1	0	0	0	0	1	0	0	0	0	0	0	0	0	0	0	2	0	0	?	0	1	1	1	3	0	2	0	0	0	1	0	1	1	0	0	0	0	0	0	1	0	2	2	1	0	0	0	0	0	0	0	2	0	0	0	0	1	2	5	0	0	0	0	0	0	0	0	?	0	0	0	1	0	1	0	1	1	1	0	0	0	2	0	0	2	1	1	2	1	0	1	?	?	?	?	?	?	?	?	?	?	?	?	?	0	0	0	?	1	1	1	2	0	1	1	0	0	0	0	0	0	0	0	0	0	0	0	0	0	0	0	?	?	?	?	?	?	?	?	?	?	?	?	?	?
Haimea	1	0	0	1	0	0	0	0	0	0	0	0	0	0	0	2	1	0	0	0	0	0	0	0	?	?	0	0	1	1	0	2	1	0	0	0	0	0	1	0	0	1	2	4	1	1	0	0	0	0	0	0	0	0	0	0	0	0	a	1	?	?	?	4	5	?	2	1	1	0	0	1	2	1	?	0	0	0	1	0	0	1	0	0	1	1	0	1	0	0	0	1	1	0	0	0	1	0	0	0	0	0	1	0	0	1	0	?	0	0	0	1	0	1	0	0	0	0	0	0	1	0	0	0	0	1	0	0	0	0	0	0	0	0	0	0	2	0	0	1	2	1	1	1	3	0	2	0	0	0	1	0	1	1	0	0	0	0	0	0	1	0	2	2	1	0	0	0	0	0	0	0	2	0	0	0	0	1	3	0	0	1	0	0	0	0	0	0	?	0	0	0	1	0	1	0	1	1	1	0	0	0	2	0	0	2	1	1	2	1	0	1	?	?	?	?	?	?	?	?	?	?	?	?	?	0	0	0	?	1	1	1	2	0	1	1	0	0	0	0	0	0	0	0	0	0	0	0	0	0	0	0	?	?	?	?	?	?	?	?	?	?	?	?	?	?	?	?	?	?
Conoclypus	1	1	0	0	0	0	0	0	0	0	0	0	0	2	1	0	0	0	0	0	0	0	0	0	0	0	1	1	0	2	1	0	0	0	0	1	1	0	0	0	1	2	4	1	0	0	0	0	0	1	?	?	?	3	?	?	?	1	4	0	0	1	2	1	?	1	0	0	1	0	0	1	1	0	1	0	0	0	1	1	0	0	0	0	0	0	0	0	0	1	0	0	1	0	?	0	0	0	1	0	1	0	0	0	0	0	0	1	0	0	0	0	1	0	0	0	0	0	0	0	0	0	2	0	0	0	0	2	0	?	?	2	?	?	1	3	0	2	0	0	0	1	0	1	1	0	0	0	0	0	0	1	0	2	2	1	0	0	0	0	0	0	0	2	0	0	0	0	1	3	1	0	1	0	0	0	0	0	0	?	0	0	0	1	0	?	0	1	1	?	?	?	?	?	?	?	?	?	?	?	?	0	?	?	?	?	?	?	?	?	?	?	?	?	?	?	0	0	0	?	1	?	?	?	?	?	?	0	0	0	0	0	0	0	0	0	0	0	0	0	0	0	0	?	?	?	?	?	?	?	?	?	?	?	?	?	?	?	?	?	?	?	?	?	?	?	?	?	?	?	?	?
Clypeaster	1	0	0	1	0	0	0	0	0	0	0	0	0	0	0	2	1	0	0	0	0	0	0	0	0	0	0	0	1	2	1	0	1	1	0	2	1	0	0	0	0	0	1	0	0	1	2	5	C	0	1	0	0	0	0	1	1	3	5	1	2	1	3	0	0	0	1	2	1	?	2	0	1	0	0	0	0	1	0	1	0	1	1	1	0	0	0	0	0	0	0	0	0	2	0	0	0	1	1	1	0	0	1	0	0	0	1	0	0	1	0	0	0	0	1	0	0	2	2	2	0	0	0	0	3	0	0	0	0	2	0	0	1	0	1	1	1	4	1	2	0	0	0	1	0	1	1	0	0	0	0	0	0	1	0	2	2	1	0	0	0	0	0	1	0	2	0	0	0	0	1	2	0	0	0	0	0	0	0	0	0	0	0	0	0	1	0	0	0	1	1	1	0	0	0	2	0	0	2	1	1	2	1	0	1	0	0	A	0	0	0	0	0	0	1	1	2	1	0	0	0	0	0	0	0	0	0	0	0	0	0	0	0	0	0	0	?	?	?	?	?	?	?	?	?	?	?	?	?	?	?	?	?	?	?	?	?	?	?	?	?	?	?	?	?
Ammotrophus	1	2	0	1	0	0	0	0	0	0	0	0	0	1	0	2	1	0	0	0	0	0	0	0	1	1	0	0	1	2	1	0	?	?	0	2	1	0	0	0	0	0	1	0	0	1	2	4	1	0	1	0	0	0	0	1	0	0	1	4	2	?	1	1	3	0	0	0	1	2	1	?	2	0	1	1	0	0	0	1	0	1	0	1	1	0	0	0	0	0	0	0	0	1	0	0	0	0	0	1	0	1	0	0	0	0	0	0	1	0	0	1	0	0	1	0	1	0	0	1	1	1	0	0	0	0	3	0	0	0	0	2	0	0	1	0	1	1	1	4	1	2	0	0	0	1	0	1	1	0	0	0	0	0	0	1	0	2	2	1	0	0	0	0	0	0	1	2	0	0	0	0	1	1	0	0	0	0	0	0	0	0	0	0	0	0	0	1	0	0	0	1	1	?	0	0	0	2	0	0	2	1	1	?	?	0	1	0	0	?	0	0	0	0	0	0	1	1	1	2	1	0	0	0	0	0	0	0	0	0	0	0	0	0	0	0	0	0	0	?	?	?	?	?	?	?	?	?	?	?	?	?	?	?	?	?	?	?	?	?	?	?	?	?	?
Arachnoides	2	0	1	0	0	0	0	0	0	0	0	0	1	0	2	1	0	0	0	0	0	0	0	0	0	0	0	1	2	0	0	1	1	0	2	1	0	0	0	0	0	1	0	0	1	2	4	1	0	1	0	0	0	0	1	1	1	3	?	2	1	3	0	0	0	1	2	1	?	2	0	1	1	0	0	0	1	0	1	0	1	1	0	0	0	0	0	0	0	0	1	0	0	0	0	0	1	0	1	0	0	0	0	0	0	1	0	0	1	0	0	1	0	1	0	0	2	2	2	0	0	1	0	3	0	0	0	0	0	0	0	?	0	1	1	1	4	1	2	0	0	0	1	0	1	1	0	0	0	0	0	0	1	0	2	2	1	0	0	0	0	0	0	1	2	0	0	0	0	1	1	0	0	0	0	0	0	0	0	0	0	0	0	0	1	0	0	0	1	1	1	0	0	0	2	0	0	2	1	1	2	1	0	1	0	0	1	0	0	0	0	0	0	1	1	1	2	1	0	0	0	0	0	0	0	0	0	0	0	0	0	0	0	0	0	0	?	?	?	?	?	?	?	?	?	?	?	?	?	?	?	?	?	?	?	?	?	?	?	?	?	?	?
Fossulaster	1	0	0	1	0	0	0	0	0	0	0	0	0	0	0	2	1	0	0	0	0	0	0	0	0	0	0	0	1	2	1	?	?	?	0	2	1	0	0	0	0	0	1	0	0	1	2	4	A	1	1	0	0	0	0	0	0	0	0	0	0	0	0	a	1	?	?	?	1	5	?	2	1	0	0	0	0	0	2	0	1	0	1	0	0	1	0	1	0	0	0	0	1	?	1	0	0	0	0	0	0	0	1	0	?	0	0	0	1	0	1	0	0	0	0	0	1	0	0	0	0	1	1	1	2	2	2	0	0	0	0	0	0	0	0	0	0	0	?	?	0	0	0	0	4	?	1	0	1	1	0	0	0	0	0	0	1	0	2	2	1	0	0	0	0	0	0	0	2	0	0	0	0	1	1	0	0	0	0	0	0	0	0	0	?	0	0	0	1	0	0	0	1	1	?	?	?	?	?	?	?	?	?	?	?	?	0	?	?	?	?	?	?	?	?	?	?	?	?	?	?	0	0	0	?	1	?	?	?	?	?	?	0	0	0	0	0	0	0	0	0	0	0	0	0	0	0	0	?	?	?	?	?	?	?	?	?	?	?	?	?
Scutellinoides	1	1	0	1	0	0	0	0	0	0	0	0	0	0	0	2	1	0	0	0	0	0	0	0	?	0	0	0	1	2	1	?	?	?	0	2	1	0	0	0	0	0	1	0	0	1	2	4	1	0	1	0	0	0	0	0	0	0	0	0	0	0	0	a	1	?	?	?	1	4	?	3	1	0	0	0	0	0	2	0	1	0	1	0	0	0	0	1	0	0	0	0	1	1	1	0	0	0	0	0	0	0	0	?	0	0	0	0	0	0	0	0	0	0	0	1	1	1	2	2	2	0	0	?	0	0	0	0	0	0	1	0	?	?	0	0	0	0	4	?	1	0	1	1	0	0	0	0	0	0	1	0	2	2	1	0	0	0	0	0	0	0	0	0	0	0	0	0	0	0	0	0	0	0	0	0	0	0	0	?	0	0	0	1	0	0	0	0	1	1	?	?	?	?	?	?	?	?	?	?	?	?	0	?	?	?	?	?	?	?	?	?	?	?	?	?	?	0	0	0	?	1	?	?	?	?	?	?	0	0	0	0	0	0	0	0	0	0	0	0	0	0	0	0	?	?	?	?	?	?	?	?	?	?
Echinocyamus	1	0	0	1	0	0	0	0	0	0	0	0	0	0	0	2	1	0	0	0	0	0	0	0	1	0	0	1	1	1	0	2	1	0	0	0	0	0	1	0	0	1	2	4	1	1	1	0	0	0	0	1	1	4	2	1	2	1	0	0	0	0	0	2	0	0	0	0	0	0	1	0	1	0	1	1	1	1	0	0	0	0	0	0	1	0	0	0	0	0	1	0	0	0	0	0	0	0	1	1	0	0	0	0	1	0	0	0	0	0	0	0	0	0	1	1	1	0	1	0	0	0	2	2	1	0	0	1	1	1	3	0	2	0	0	0	1	0	1	1	0	0	0	0	0	0	1	0	2	2	1	0	0	0	0	0	0	0	2	0	0	0	0	1	1	0	0	0	0	0	0	0	0	0	2	0	0	1	0	0	0	0	1	1	1	0	0	0	2	0	0	2	1	1	1	1	0	1	0	0	1	0	0	0	0	0	1	1	1	2	0	0	1	0	0	0	0	0	0	0	0	0	0	0	0	0	0	0	0	?	?	?	?	?	?	?	?	?	?	?	?	?	?	?	?	?	?	?	?	?	?	?	?	?	?	?	?	?	?	?	?	?	?	?	?
Fibularia	1	0	0	1	0	0	0	0	0	0	0	0	0	0	0	2	1	0	0	0	0	0	0	0	1	1	0	0	0	0	0	0	?	?	0	2	1	0	0	0	0	0	1	0	0	1	2	4	0	0	1	0	0	0	1	1	1	1	4	2	1	2	1	0	0	0	0	0	1	0	0	0	0	0	0	1	0	1	0	1	1	1	1	1	0	0	0	0	0	1	0	0	0	0	0	1	0	0	0	0	0	0	0	1	1	0	0	0	0	1	0	0	0	0	0	0	0	0	0	1	1	1	0	1	0	0	0	2	2	1	0	0	1	1	1	3	0	2	0	0	0	1	0	1	1	0	0	0	0	0	0	1	0	2	2	1	0	0	0	0	0	0	0	2	0	0	0	0	0	0	0	0	0	0	0	0	0	0	0	2	0	0	1	0	0	0	0	0	1	1	?	0	0	0	2	0	0	2	1	1	1	1	0	1	0	0	1	0	0	0	0	0	1	1	1	2	0	0	1	0	0	0	0	0	0	0	0	0	0	0	0	0	0	0	0	?	?	?	?	?	?	?	?	?	?	?	?	?	?	?	?	?	?	?	?	?	?	?	?	?	?	?	?	?	?
Laganum	1	1	0	1	0	0	0	0	0	0	0	0	0	0	0	2	1	0	1	0	0	0	0	0	1	0	0	0	1	A	0	0	1	1	0	2	1	0	0	0	0	0	1	0	0	1	2	5	0	0	1	0	0	0	1	1	1	0	1	4	2	1	2	1	0	0	0	0	0	2	0	0	0	0	0	0	1	0	1	0	1	1	1	1	0	0	0	0	0	0	1	0	0	0	0	0	1	1	1	0	0	1	0	0	1	1	0	1	1	0	0	0	1	0	0	0	0	0	0	0	0	0	1	1	3	0	1	0	0	0	2	1	1	0	0	0	0	0	3	1	2	0	0	0	1	0	1	1	0	0	0	0	0	0	1	0	2	2	1	0	0	0	0	0	0	0	2	0	0	0	0	1	1	0	0	0	0	0	0	0	0	0	2	0	0	1	0	0	0	1	1	1	0	0	0	2	0	0	?	?	1	2	2	0	1	0	0	1	0	0	0	0	0	1	1	1	2	0	0	1	0	0	0	0	0	0	0	0	0	0	0	0	0	0	0	0	?	?	?	?	?	?	?	?	?	?	?	?	?	?	?	?	?	?	?	?	?	?	?	?	?	?	?	?	?	?	?
Neolaganum	1	1	0	1	0	0	0	0	0	0	0	0	0	0	0	2	1	0	1	0	0	0	0	0	1	1	0	?	?	?	?	0	1	1	0	2	1	0	0	0	0	0	1	0	0	1	2	4	0	0	1	0	0	0	1	0	0	0	0	0	0	0	0	a	1	?	?	?	4	2	?	2	1	3	0	0	0	1	F	C	?	2	0	1	1	0	0	0	1	0	1	0	1	1	1	1	0	0	0	0	0	0	1	0	?	0	0	0	1	1	1	0	0	1	0	0	0	1	0	1	1	0	0	0	1	0	0	0	0	0	0	0	0	0	1	1	3	0	0	0	0	1	2	1	1	0	0	0	0	0	3	1	2	0	0	0	1	0	1	1	0	0	0	0	0	0	1	0	2	2	1	0	0	0	0	0	0	0	2	0	0	0	0	1	1	0	0	0	0	0	0	0	0	0	?	0	0	1	0	0	0	0	1	1	?	?	?	?	?	?	?	?	?	?	?	?	0	?	?	?	?	?	?	?	?	?	?	?	?	?	?	0	0	0	?	1	1	2	0	0	1	0	0	0	0	0	0	0	0	0	0	0	0	0	0	0	0	?	?	?	?	?	?	?	?	?	?	?	?	?	?
Rotula	1	2	0	1	0	0	0	0	0	0	1	1	0	1	1	2	1	0	0	0	0	0	0	0	0	0	0	0	2	2	0	0	1	1	0	2	1	0	0	0	0	0	1	0	0	1	2	4	1	0	1	0	0	0	0	1	0	0	1	4	2	?	1	1	0	0	0	0	0	1	0	1	0	0	0	0	1	1	1	0	1	1	1	1	0	0	0	0	0	0	1	0	1	0	0	0	1	0	1	0	1	0	0	0	1	0	0	1	1	1	2	0	0	0	0	0	1	1	1	1	1	0	0	0	0	1	0	0	?	0	0	0	0	2	2	0	1	0	0	0	0	2	?	0	0	0	0	0	1	1	0	0	0	0	0	0	1	0	2	2	1	0	0	0	0	0	0	0	2	0	0	0	0	1	1	0	0	0	0	0	0	0	0	0	1	0	0	1	0	0	0	1	1	1	0	0	0	2	0	0	2	1	1	?	?	0	1	0	0	1	0	0	0	0	0	1	1	1	1	2	0	0	1	0	0	0	0	0	0	0	0	0	0	0	0	0	0	0	0	?	?	?	?	?	?	?	?	?	?	?	?	?	?	?	?	?	?	?	?	?	?	?	?	?	?	?
Scutellina	1	0	1	0	0	0	0	0	0	0	0	0	0	0	2	1	0	0	0	0	0	0	0	1	1	1	1	0	0	0	0	?	?	0	2	1	0	0	0	0	0	1	0	0	1	2	4	1	0	1	0	0	0	0	0	0	0	0	0	0	0	0	a	1	?	?	?	2	5	1	2	1	0	0	0	0	0	2	0	0	0	0	0	0	1	0	1	0	1	0	2	0	0	0	0	0	0	0	1	0	?	0	0	0	1	0	1	0	0	0	0	0	1	0	0	0	0	0	1	0	0	0	0	0	0	0	0	0	3	2	0	0	0	0	2	0	0	1	0	1	1	0	3	1	2	0	0	0	1	0	1	1	0	0	0	0	0	0	1	0	2	2	1	0	0	0	0	0	0	0	2	0	0	0	0	1	1	0	0	0	0	0	0	0	0	0	?	0	0	1	0	0	0	0	1	1	?	?	?	?	?	?	?	?	?	?	?	?	0	?	?	?	?	?	?	?	?	?	?	?	?	?	?	0	0	0	?	1	?	?	?	?	?	?	0	0	0	0	0	0	0	0	0	0	0	0	0	0	0	0	?	?	?	?	?	?	?	?	?	?	?	?	?	?	?	?	?
Abertella	1	2	0	1	0	0	0	0	0	0	0	0	0	1	0	2	1	0	0	0	0	0	0	0	0	0	0	0	2	3	0	1	1	1	0	2	1	0	0	0	0	0	1	0	0	1	2	4	1	0	1	0	0	0	0	0	0	0	0	0	0	0	a	1	?	?	?	4	3	?	1	1	0	0	0	0	0	2	0	1	1	0	1	0	1	?	1	0	0	0	0	1	?	1	?	0	0	0	0	0	0	?	0	?	0	0	0	1	1	0	0	0	1	0	0	0	1	1	1	1	1	2	2	0	0	0	0	1	0	0	1	1	1	0	0	1	1	3	0	0	0	0	2	0	0	1	0	1	1	1	4	1	1	0	1	1	0	0	0	0	0	0	1	0	2	2	1	0	0	0	0	0	0	0	2	0	0	0	0	?	?	0	0	0	0	0	0	0	0	0	?	0	0	1	0	0	0	0	1	1	?	0	0	0	?	0	0	2	1	1	?	?	0	1	?	?	?	?	?	?	?	?	?	?	?	?	?	0	0	0	?	1	?	?	?	?	?	?	0	0	0	0	0	0	0	0	0	0	0	0	0	0	0	0	?	?	?	?	?	?	?	?	?	?	?	?	?	?
Astriclypeus	2	0	1	0	0	0	1	1	1	0	1	0	0	0	2	1	0	0	0	0	0	0	0	0	0	0	0	2	2	0	1	?	?	0	2	1	0	0	0	0	0	1	0	0	1	2	4	1	0	1	0	0	0	1	0	0	1	4	2	?	1	1	0	0	0	0	0	1	1	0	1	0	1	0	1	0	1	0	1	1	0	0	0	0	0	0	1	0	4	0	0	0	1	1	0	0	0	1	0	0	0	1	1	1	1	1	2	1	0	0	0	0	1	0	0	1	1	1	0	0	1	0	3	0	0	0	0	2	0	0	1	0	1	1	1	4	?	1	0	1	1	0	0	0	0	0	0	1	0	2	2	1	0	0	0	0	0	0	1	2	0	0	0	0	1	1	0	0	0	0	0	0	0	0	0	2	0	0	1	0	0	0	0	1	1	1	0	0	0	2	0	0	2	1	1	0	2	0	1	3	0	1	0	0	0	0	0	2	1	1	2	0	0	1	0	0	0	0	0	0	0	0	0	0	0	0	0	0	0	0	?	?	?	?	?	?	?	?	?	?	?	?	?	?	?	?	?	?	?	?	?	?	?	?	?	?	?	?	?	?	?	?	?	?	?	?
Dendraster	1	2	0	1	0	0	0	0	0	0	0	0	0	0	0	2	1	0	0	0	0	0	0	0	0	1	0	1	3	3	0	0	1	1	2	2	1	0	0	0	0	0	1	0	0	1	2	4	1	0	1	0	0	0	1	0	0	1	4	3	?	2	1	0	0	0	0	0	1	0	1	0	0	1	0	1	1	1	0	1	1	1	1	0	0	0	0	0	0	1	0	4	0	0	0	1	1	1	1	3	1	0	0	0	1	1	1	1	1	2	2	1	0	0	1	0	1	0	0	1	1	1	0	0	1	0	3	0	0	0	0	2	0	0	1	0	1	1	1	4	1	1	0	1	1	0	0	0	0	0	0	1	0	2	2	1	0	0	0	0	0	0	0	2	0	0	0	0	1	1	0	0	0	0	0	0	0	0	0	2	0	0	1	0	0	0	0	0	1	1	?	0	0	0	2	0	0	2	1	1	?	?	0	1	0	0	1	0	0	0	0	0	2	1	1	1	2	0	0	1	0	0	0	0	0	0	0	0	0	0	0	0	0	0	0	0	?	?	?	?	?	?	?	?	?	?	?	?	?	?	?	?	?	?	?	?	?	?	?	?	?	?	?	?	?	?
Echinarachnius	1	2	0	1	0	0	0	0	0	0	0	0	0	1	0	2	1	0	0	0	0	0	0	0	1	1	0	1	3	3	0	0	1	1	0	2	1	0	0	0	0	0	1	0	0	1	2	4	1	0	0	0	0	0	1	1	0	1	3	4	?	2	1	0	0	0	0	0	1	0	1	0	0	1	0	1	0	1	0	1	1	1	1	0	0	0	0	0	0	1	0	4	0	0	0	1	1	1	0	0	0	0	0	0	0	0	0	1	1	0	1	2	0	0	0	1	0	0	A	A	A	0	0	A	A	3	?	0	0	0	1	2	0	0	1	0	1	1	1	0	1	0	0	0	1	0	1	1	0	0	0	0	0	0	1	0	2	2	1	0	0	0	0	0	0	0	2	0	0	0	0	1	1	0	0	0	0	0	0	0	0	0	2	0	0	1	0	0	0	0	1	1	0	0	0	0	2	0	0	2	1	1	1	2	0	1	0	0	1	0	0	0	0	0	2	0	0	0	0	0	?	1	1	1	2	0	0	1	0	0	0	0	0	0	0	0	0	0	0	0	0	0	0	0	?	?	?	?	?	?	?	?	?	?	?	?	?	?	?	?	?	?	?	?	?	?
Eoscutella	1	2	0	1	0	0	0	0	0	0	0	0	0	1	0	2	1	0	0	0	0	0	0	0	0	?	0	?	?	?	?	?	?	?	0	2	1	0	0	0	0	0	1	0	0	1	2	4	1	0	0	0	0	0	0	0	0	0	0	0	0	0	a	1	?	?	?	4	4	?	2	1	0	0	0	0	0	2	0	1	0	0	?	0	1	?	1	0	0	0	0	1	?	1	?	0	0	0	0	0	0	?	0	?	0	0	0	1	1	0	0	0	1	0	0	?	1	0	1	1	1	1	?	?	?	0	0	?	0	1	0	0	0	0	0	0	0	0	0	1	0	3	2	0	0	0	1	2	0	0	1	0	1	1	1	4	?	1	0	0	0	1	0	1	1	0	0	0	0	0	0	1	0	?	?	1	0	0	0	0	0	0	?	2	0	0	0	0	?	?	0	0	0	0	0	0	0	0	0	?	0	?	?	?	?	?	?	?	?	?	?	?	?	?	?	?	?	?	?	?	?	?	?	?	?	?	?	?	?	?	?	?	?	?	?	?	?	?	0	0	?	?	?	?	?	?	?	?	?	0	0	0	0	0	0	0	0	0	0	0	0	0	0	0	0	?	?	?	?	?	?	?	?	?
Mellita	1	2	0	1	0	0	0	1	1	0	2	1	0	0	0	2	1	0	0	0	0	0	0	0	0	1	0	0	2	2	1	1	1	1	0	2	1	0	0	0	0	0	1	0	0	1	2	4	1	0	1	0	0	0	1	1	0	1	4	1	?	2	1	0	0	0	0	0	1	0	1	0	0	1	0	1	0	1	0	1	0	1	1	0	0	0	0	0	0	1	0	4	0	0	0	1	1	0	2	0	1	0	0	0	1	1	1	1	1	2	2	0	0	0	0	1	0	0	1	1	0	0	1	1	3	0	1	0	0	0	2	0	0	1	0	1	1	1	3	1	1	0	1	1	0	0	0	0	0	0	1	0	2	2	1	0	0	0	0	0	0	1	2	0	0	0	1	1	1	0	0	0	1	0	0	0	0	0	2	0	0	1	0	0	0	1	1	1	0	0	0	2	0	0	2	1	1	2	2	0	1	3	0	1	0	0	0	0	0	2	0	0	0	0	0	?	1	1	1	2	0	0	1	0	0	0	0	0	0	0	0	0	0	0	0	0	0	0	0	?	?	?	?	?	?	?	?	?	?	?	?	?	?	?	?	?	?	?	?	?	?	?	?	?	?	?	?	?	?
Monophoraster	1	2	0	1	0	0	0	0	0	0	1	1	0	0	2	1	0	0	0	0	0	0	0	0	1	0	0	2	2	0	0	?	?	0	2	1	0	0	0	0	0	1	0	0	1	2	4	1	0	1	0	0	0	0	0	0	0	0	0	0	0	a	1	?	?	?	4	2	?	1	1	0	0	0	0	0	2	0	1	0	0	1	0	1	0	1	0	0	0	0	1	0	1	?	0	0	0	0	0	0	1	0	?	0	0	0	1	1	0	0	0	1	0	0	0	1	1	1	1	1	2	2	0	0	0	0	1	0	0	0	0	0	0	0	0	0	1	1	3	0	0	0	0	1	2	0	0	1	0	1	1	1	0	2	0	0	0	1	0	1	1	0	0	0	0	0	0	1	0	2	2	1	0	0	0	0	0	0	1	2	0	0	0	1	1	1	0	0	0	0	0	0	0	0	0	?	0	0	1	0	0	0	0	1	1	?	0	0	0	2	0	0	2	1	1	?	?	0	1	?	?	?	?	?	?	?	?	?	?	?	?	?	0	0	?	?	1	?	?	?	?	?	?	0	0	0	0	0	0	0	0	0	0	0	0	0	0	0	0	?	?	?	?	?	?	?	?	?	?	?	?	?	?	?
Protoscutella	1	2	0	1	0	0	0	0	0	0	0	0	0	0	0	2	1	0	0	0	0	0	0	0	1	1	0	1	3	3	0	0	?	?	0	2	1	0	0	0	0	0	1	0	0	1	2	5	1	0	0	0	0	0	0	0	0	0	0	0	0	0	a	1	?	?	?	4	4	?	2	1	0	0	0	0	0	1	0	1	0	0	1	0	1	0	1	0	0	0	0	1	0	1	?	0	0	0	0	0	0	1	0	?	0	0	0	1	1	1	0	0	0	0	0	0	1	0	0	1	0	0	0	0	1	0	0	1	1	0	0	0	0	0	0	0	0	3	0	0	0	0	2	0	0	1	0	1	1	1	3	1	2	0	0	0	1	0	1	1	0	0	0	0	0	0	1	0	2	2	1	0	0	0	0	0	0	0	2	0	0	0	0	1	1	0	0	0	0	0	0	0	0	0	?	0	0	1	0	0	0	0	1	1	?	0	0	0	2	0	0	2	1	1	?	?	0	1	?	?	?	?	?	?	?	?	?	?	?	?	?	0	0	?	?	1	?	?	?	?	?	?	0	0	0	0	0	0	0	0	0	0	0	0	0	0	0	0	?	?	?	?	?	?	?	?
Scutaster	1	2	0	1	0	0	0	0	1	1	0	2	0	0	0	2	1	0	0	0	0	0	0	0	0	?	0	?	?	?	?	?	?	?	0	2	1	0	0	0	0	0	1	0	0	1	2	4	?	0	?	0	0	0	0	0	0	0	0	0	0	0	a	1	?	?	?	4	3	?	1	1	0	0	0	0	0	2	0	0	0	0	?	0	1	?	1	0	0	0	0	1	?	1	?	0	0	0	0	0	0	?	0	?	0	0	0	1	1	1	0	0	1	0	0	?	1	0	?	1	1	1	0	0	0	0	0	1	0	0	0	0	1	1	1	0	0	0	1	0	3	0	0	0	1	2	0	0	1	0	1	1	1	4	?	1	0	1	1	0	0	0	0	0	0	1	0	?	?	1	0	0	0	0	0	0	?	2	0	0	0	0	?	?	0	0	0	2	0	0	0	0	0	?	0	?	?	?	?	?	?	?	?	?	?	?	?	?	?	?	?	?	?	?	?	?	?	?	?	?	?	?	?	?	?	?	?	?	?	?	?	?	0	0	?	?	?	?	?	?	?	?	?	0	0	0	0	0	0	0	0	0	0	0	0	0	0	0	0	?	?	?	?	?	?	?	?	?	?	?
Scutella	1	2	0	1	0	0	0	0	0	0	0	0	0	0	0	2	1	0	0	0	0	0	0	0	0	0	0	0	3	3	0	1	1	1	0	2	1	0	0	0	0	0	1	0	0	1	2	4	1	0	0	0	0	0	0	0	0	0	0	0	0	0	a	1	?	?	?	4	2	?	1	1	0	0	0	0	0	1	0	1	1	0	1	0	1	0	1	0	0	0	0	1	?	1	1	0	0	0	0	0	0	?	0	?	0	0	0	1	1	1	0	0	1	0	0	0	1	0	1	1	1	2	0	0	0	0	0	1	0	0	0	0	0	0	0	0	0	1	1	3	0	0	0	0	1	2	0	0	1	0	1	1	1	3	1	2	0	0	0	1	0	1	1	0	0	0	0	0	0	1	0	2	2	1	0	0	0	0	0	0	0	2	0	0	0	0	1	1	0	0	0	0	0	0	0	0	0	?	0	0	1	0	0	0	0	1	1	?	0	0	0	2	0	0	2	1	1	?	?	0	1	?	?	?	?	?	?	?	?	?	?	?	?	?	0	0	?	?	1	1	2	0	0	1	0	0	0	0	0	0	0	0	0	0	0	0	0	0	0	0	?	?	?	?	?	?	?	?	?	?
Taiwanaster	1	1	0	2	0	0	0	0	0	0	0	0	0	0	0	2	1	0	0	0	0	0	0	0	?	?	0	1	0	0	0	0	?	?	0	2	1	0	0	0	0	0	1	0	0	1	2	4	1	?	0	0	0	0	0	0	0	0	0	0	0	0	a	1	?	?	?	1	E	?	2	1	0	0	0	0	0	1	0	0	1	0	1	0	1	0	1	0	0	0	0	1	?	1	?	0	0	0	0	0	0	1	0	4	0	0	0	1	0	0	0	0	0	0	0	0	1	0	0	0	0	1	0	0	1	1	1	0	0	1	0	3	0	0	0	0	1	0	0	1	0	1	1	1	4	?	2	0	0	0	1	0	1	1	0	0	0	0	0	0	1	0	2	2	1	0	0	0	0	0	0	0	2	0	0	0	0	1	1	0	0	0	0	0	0	0	0	0	?	0	0	?	1	0	0	0	0	1	1	0	?	?	?	?	?	?	?	?	?	?	?	?	?	?	0	?	0	0	0	0	0	2	0	0	0	0	0	?	1	1	1	2	0	0	1	0	0	0	0	0	0	0	0	0	0	0	0	0	0	0	0	?	?	?	?	?	?	?	?	?
